test
66
2188

0:45;30;25;60;7;56;6;16;27;55;20;3;22;34;64;4;12;1;28;42;61;44;15;41;40;17;18;23;0;14;53;47
1:12;30;4;45;25;28;41;7;60;55;14;44;34;64;3;2;1;20;27;6;56;61;23;40;13;16;18;32;21;42;29;31;54;22;15;37;47;62;53;35;0;48
2:55;4;27;28;34;60;30;44;52;1;7;56;21;20;40;3;14;6;50;18;61;64;12;16;0;45;25;41;13;2;42;23;46;9;54;31
3:60;30;20;44;3;4;34;41;55;45;64;15;16;7;62;28;12;40;27;23;0;6;42;25;56;43;14;21;2;32;13;1;35;36;46;48;54;58;8;31;50;52;22;61;18;51;11;65;47;53;5;24;39;19;38;63
4:30;60;28;7;27;55;12;41;3;6;44;34;40;4;42;25;64;23;20;56;61;18;45;54;14;46;5;13;31;16;52;2;32;1;21;47;50;15;37;36;39;43;48;62;0;10;53;63;11;65;35;51;22;19;33;59
5:6;25;27;18;45;4;13;30;34;60;3;20;55;61;1;7;44;28;64;53;56;47;2;41;40;12;14
6:60;40;56;4;6;7;3;30;27;45;28;12;42;34;44;20;43;55;25;64;41;18;1;23;48;32;63;14;16;13;36;61;21;62;50;15;0;52;5;31;47;37;33;2;17;46;22;24;11;54;49;26;53;35;38;65;51
7:12;55;7;4;60;28;30;34;3;27;44;6;40;41;64;62;45;25;20;42;63;13;2;16;22;23;54;56;1;21;50;14;47;32;15;61;37;36;31;53;0;46;5;59;18;51;35;48;9;52;26;39;43;19;11;17;38
8:7;60;3;30;55;4;12;42;44;14;34;40;41;28
9:60;0;30;42;55;48;27;6;7;28;20;34;10
10:44;34;60;20;30;4;55;25;7;40;27;45
11:60;34;30;12;4;7;27;55;44;42;45;41;14;20;6;3
12:60;7;3;4;34;64;1;30;25;45;55;6;12;20;31;44;27;28;40;42;23;61;41;56;14;21;17;15;43;13;62;16;54;19;50;32;52;53;37;47;18;48;38;46;22;35;0;2;51;36;63;11
13:44;25;6;30;60;23;40;34;16;7;27;28;64;55;45;1;20;4;3;12;62;54;52;56;42;14;35;61;41;32;21
14:7;12;30;4;60;3;55;40;34;20;6;28;56;54;27;44;64;2;61;41;14;50;45;63;23;21;5;35;1;25;48;32;31;18;0;13;51;15;38;16;65;42;37;22;53;29
15:55;30;7;23;3;60;40;4;44;16;21;42;27;34;45;20;6;28;12;13;56;64;15;41;14;31;54;62;35;61;2;25;1
16:7;0;60;30;4;3;44;27;28;40;55;34;2;56;25;64;6;1;20;61;45;18;46;52;14;16;42;12;23;31;13;22;41;32;38;21;15;36;19;37
17:60;55;27;45;7;30;28;3;4;41;6;21;61;34;0;40;20;44;56;52
18:60;27;4;28;3;0;30;42;44;17;34;20;7;55;6;21;45;25;2;64;14;40;12;41;31;62;39
19:60;30;25;4;34;3;55;12;6;7
20:30;60;6;27;7;64;44;55;25;40;61;20;4;12;3;28;41;0;62;34;42;56;45;36;14;11;1;32;48;38;23;21;53;47;15;16;35;13;31;2;43;22;54;52;58;37;63;19;18;46;49;10;50;51;9
21:30;28;60;7;55;27;4;23;41;3;45;14;20;1;34;25;6;64;0;44;12;35;17;46;31;63;40;2;56;42;61;13;21;16;18;51;54;32
22:40;7;30;34;60;55;3;27;44;4;42;64;56;20;1;16;12;61;45;41;28;25;6;21;47;48;52;15;14
23:3;60;25;6;44;30;56;45;7;4;27;38;28;41;34;64;55;40;20;12;42;23;21;15;13;22;35;61;54;32;1;14;31;48;36;16;2;52;46;24
24:61;4;7;30;28;34;3;55;60;20;27;1;56;6;44;13;16
25:40;60;55;3;2;7;27;41;1;64;30;44;6;45;42;34;4;20;12;56;14;28;25;0;54;50;16;35;23;63;61;32;31;37;53;13;43;18;21;62;52;46;36;65;5;22;47;15
26:30;45;20;34;60;7;62;4;37;27;12;64;41;3;44;40;55
27:27;6;60;55;30;45;4;1;54;44;20;25;7;34;28;64;3;41;31;40;14;12;63;46;48;23;35;42;22;56;61;15;2;16;13;53;21;36;18;51;0;11;32;52;43;9;37;5;17;62;38;8;47;19;50;33;29
28:28;6;3;60;30;44;25;7;34;41;31;27;4;20;52;12;64;2;42;16;55;21;14;40;61;32;36;45;23;22;56;1;0;54;63;48;18;46;8;19;13;51;11;35;15;62;43;39;29;37;38;26;53;65;47;49
29:54;7;60;30;28;6;27;20;61;34;4;46;55;42;14;12;3;50
30:20;60;30;6;56;55;41;1;7;4;34;64;3;45;25;40;27;44;31;12;23;42;28;54;14;61;21;32;13;19;52;2;48;47;46;22;0;16;50;36;15;9;10;62;51;18;35;38;37;43;5;53;26;24;63;49;17;39;33;65;29;8;58
31:7;14;60;30;20;34;28;55;45;4;44;40;2;42;64;27;12;3;25;56;52;6;13;61;63;23;1;32;54;31;41;16
32:7;60;28;34;30;20;55;1;25;3;13;36;56;41;61;4;44;18;45;40;6;23;27;14;12;42;21;62;2;16;31;32;64;54
33:60;4;34;30;55;1;14;40;42;7;25;27;20;12;44;6
34:12;4;6;7;30;34;55;60;63;14;27;44;41;3;64;28;42;25;21;45;20;32;1;23;56;54;40;61;2;0;16;49;39;13;50;51;36;43;48;53;31;62;46;17;22;38;5;26;15;52;57;24;29;18;8;37;33;35;11;65;10;19
35:27;30;12;55;7;28;41;60;3;4;20;2;23;56;6;48;21;40;1;25;44;34;62;42;14;54;15;64
36:64;20;60;30;7;40;42;27;34;44;55;45;13;3;4;14;12;6;61;23;53;25;1;49;56
37:12;55;3;60;23;7;64;34;20;4;27;62;6;30;25;28;41;44;61;42;16;40
38:60;7;28;4;30;41;3;56;25;45;23
39:30;56;28;34;20;60;7;6;41;18;4;12;37;40;55;3;31;27;25
40:60;3;42;4;30;44;37;7;55;27;34;40;20;45;28;56;25;12;23;13;14;54;64;41;61;21;1;16;48;2;6;31;0;15;32;36;39;46;50;35;63;62;47;43;51;38;52;18;8
41:4;34;60;40;42;55;28;18;1;30;44;7;20;21;45;6;27;12;3;64;25;31;23;32;56;14;41;13;61;46;16;48;2;63;53;22;54;15;0;62;52;39;37;26;50;5;17
42:12;20;4;40;60;7;41;30;64;34;55;42;6;3;27;2;44;28;45;53;25;1;51;56;21;18;61;23;13;37;0;50;31;17;35;54;16;9;48;36;14;19;52;65;22;63
43:7;60;34;28;30;44;56;3;27;4;20;23;40;55;54;12;64;14;41;6;1;45
44:25;60;34;30;6;4;40;28;12;7;44;55;11;27;3;45;22;16;1;61;42;14;20;46;13;64;23;41;56;2;54;37;21;31;0;53;47;63;36;32;35;8;43;19;17;62;18;48;52;38;50;51;15;49;10;5;24;39
45:60;12;30;25;7;4;40;55;34;27;64;3;32;45;44;56;2;6;20;23;42;52;1;14;28;16;31;41;9;0;61;62;65;48;46;37;54;13;5;21;18;11;50;36;22;51;63
46:45;14;7;55;60;44;4;23;30;25;6;40;20;61;1;27;28;34;12;62;3;56;42;16;29
47:60;55;3;6;7;20;40;2;30;42;0;44;27;28;34;12;4;21;61;45;64
48:34;30;4;60;28;45;55;3;12;27;25;56;7;14;48;40;41;52;20;6;44;64;18;16;43;0;42;1
49:18;60;6;7;3;4;36;30;34;40;45;55;1;27;42;56;44
50:14;7;60;64;30;4;27;15;12;55;6;34;40;61;49;44;56;1;3;45;20;36;53;25;48;41
51:20;60;44;28;3;34;27;55;30;4;42;14;16;12;45;41;56;7;40;64;6
52:23;4;27;60;12;30;55;7;28;6;20;3;34;56;24;2;40;45;13;44;64;52;31;25;16;21;41;54
53:41;12;60;61;4;30;14;7;64;34;55;44;27;6;3;36;1;28;20;45;40;56;47;0;21;42
54:55;30;60;7;5;34;3;12;45;6;4;1;44;27;31;40;28;21;20;56;64;25;42;41;13;14;23;0;35;32
55:30;60;51;41;27;12;34;3;45;4;55;31;7;40;28;44;25;46;42;20;64;6;23;61;56;1;16;13;50;2;35;14;21;52;48;22;32;63;0;47;54;8;37;15;62;11;53;38;43;19;5;36;18;33;65;17;26;24
56:4;60;42;3;30;55;20;41;34;7;45;64;56;27;1;16;6;12;23;13;44;40;28;25;21;14;54;61;0;48;53;2;38;31;62;35;46;33;63;36;52;43;15;18;32;26
57:41;60;55;30;6;34;28;4
58:3;27;7;60
59:25;31;30;60;12;41;7;54;34;6;55
60:30;7;60;40;27;3;44;34;6;28;45;4;42;54;23;55;32;41;20;18;25;1;14;12;0;64;61;35;62;39;16;46;22;8;56;48;65;21;24;2;11;15;31;53;13;36;47;43;52;50;38;9;51;63;19;37;49;29;5;17;10;33;26
61:7;44;30;55;60;28;14;25;3;4;64;27;34;45;41;12;61;20;21;43;56;22;6;2;42;23;40;1;0;19;18;16;53;48;13;29;31;62;51;46;15
62:30;4;64;60;55;56;42;6;40;3;7;0;20;18;34;1;45;44;25;27;28;32;41
63:30;60;55;45;44;6;28;21;42;4;27;3;25;41;7;20;34;36;14;56
64:30;60;55;7;45;3;64;6;23;12;27;44;41;4;34;20;42;31;16;40;28;14;56;1;54;61;25;5;48;21;18;13;62;9;15;0;52;32;2;8;17;51;53;19
65:30;7;60;55;4;25;12;56;64;27;3;2;45;41;28
