test
575
21296

0:200;410;167;385;52;101;13;386;309;195;53;341;9;504;449;246;198;244;382;24;104;279;427;388;529;254;207;119;371;237;444;7;363;14;499
1:195;12;52;167;410;385;200;309;341;395;207;230;482;561;502;386;427;7;16;444;504;13;111;428;525;442;274;261;0
2:78;244;385;309;200;167;388;195;346;52;386;230;410;440;341;504;305;126;101;530;13;187;253
3:52;167;195;385;200;309;380;530;410;51;478;207;24;201;230;504;519
4:53;4;103;529;195;309;230;200;326;52;341;40;108;570;113;167;410;80;336;17;528;427;201;421;385;56;496;386;152;558;360;444;37;65;134;133;206;13;468;217;424;306;279;197;48;110;560;390;214;253;10;571;469;321;101;138;419;104;156;79;60;198;127;504;7;550;305;284;266;486;165;389;564;160;57;258;356;41;287;149;282;114;331;337;129;148;265;228;207;161;396;324;122;382;401;274;508;295;59;124;298;288;310;459;325;512;136;289;500;233;359;82;357;132;374;231;12;239;346;283;224;304;507;471;158;237;184;485;453;554;14;223;342;83;380;307;525;566;473;397;209;371;180;514;487;93;142;44;302;106;475;490;26;31;526;141;493;299;491;290;107;442;534;2;77;393;388;488;172;208;437;322;199;163;556;261;454;74;168;192;573;549;85;536;6;482;297;559;379;0;280;126;364;450;392;316;369;463;257;323;212;501;35;32;368;561;540;8;355;395;530;102;51;112;362;272;456;516;187;244;348;254;412;517;89;527;435;402;61;428;451;535;478;441;511;256;119;5;210;381;162;121;314;222;238;350;479;66;422;432;296;181;171;193;64;294;461;111;115;262;118;137;546;406;366;363;466;213;151;405;263;90;269;173;431;70;425;445;506;403;513;225;267;218;347;394;154;338;555;494;354;300;243;220;84;361;194;480;34;46;245;164;78;373;315;345;352;105;446;523;270;19;186;255;22;259;400;72;146;25;332;247;250;541;153;143
5:152;385;427;528;513;195;200;167;410;309;52;38;386;364;207;279;325;444;504;4
6:195;309;385;200;167;52;80;341;361;218;184;326;386;427;496;23;94;104;4;410;421;187;504;444;14;347;374;10;101;529;525;279;350;298;60;238;149;394;222;152;59
7:167;360;385;200;485;195;52;504;501;152;7;162;41;314;388;53;309;4;566;373;427;410;101;386;187;0;278;444;127;419;274;59;287;341;13;529;342;371;207;253;244;379;424;161;511;528;135;558;14;521;201;395;208;471;288;479;21;304;476;335;334;277;356;24;272;421;153;10;257;141;322;224;442;218;366;160;279;302;84;12;346;34;104;97;155;185;163;560;60;525;143;305;565;267;142;70;382;149;495;331;434;80;307;190;363;283;227;82;231;550;169;73;129;490;1;328;281;493;165;33;451;122;354;262;445;43;459;383;116;158;243;111;128;324;299;439;230;261;57
8:52;200;195;385;287;410;504;386;167;13;309;531;490;274;435;0;427;419;101;4;144;211;41;57;10;530;566;341;272;268;388;12;161;314;7;395;424;162;106
9:167;52;309;195;385;360;200;410;341;141;496;60;134;386;491;427;288;388;4;172;283;41;558;104;231;504;251;207;299;13;442;560;143;398;165;66;7;24;419;505;0;16;122;316;261;529;525;566;57;204
10:200;167;385;455;388;309;195;4;474;161;52;163;386;504;410;400;304;158;59;156;57;341;488;41;427;60;566;281;230;419;530;444;243;287;169;421;64;268;467;180;61;141;85;558;355;13;7;40;395;279;239;543;264;517;254;461;53;244;74;464;0;350;424;148;478;250;101;207;80;501;104;525;24;152;545;269;362;51;346;272;102;560;9;528;14;54;197;257;365;331;499;389;460;529;542;532;403;307;83;342;274
11:200;427;167;52;314;60;385;195;356;41;101;528;309
12:385;167;52;14;200;101;161;299;195;558;309;419;325;346;382;13;40;444;127;162;201;478;106;386;4;305;410;433;341;504;41;352;427;7;24;142;388;104;395;356;360;566;12;126;314;172;513;230;80;321;59;529;493;242;0;279;26;525;528
13:0;410;427;375;52;200;385;504;167;195;309;101;196;4;152;461;419;281;13;386;268;362;533;14;127;305;262;341;453;554;7;395;388;141;529;346;424;41;207;464;228;511;528;525;322;218;558;283;231;288;421;402;162;253;82;501;258;83;146;279;496;342;404;201;400;314;172;37;56;161;171;229;299;51;526;12;10;24;59;560;53;326;6;355;210;306;471;60;61;482;223;150;269;149;38;552;244;272;503;153;163;243;198;371;458;35;441;479;514;360;545;524;90;377;505;547;230;499;104;239;251;187;286;359;8;64;389;460;204;448;553;132;57;468;261;307;434;439;226;87;412;573;26;367;432;81;302;444;72;259;321;184;467;347;382;80;488;566;116;274;143;206;513;406;356;323;563;15;474;211;257;456;122;107;112;212;435;405;174;515;95;177;324;396;361;357;224;68;478;134;466;455;366;242;84;109;74;280;180;331;160;470;169;535;316;25;236;126;33;158;9;98;561;110;118;69;156;113;378;428;379
14:167;52;309;385;132;341;195;4;274;400;200;410;314;13;152;101;266;504;0;127;187;231;529;224;53;103;386;567;560;87;547;439;54;307;395;427;419;464;78;287;62;143;421;149;471;244;7;60;59;331;84;571;528;163;65;388;279;10;141;207;342;57;384;525;327;156;306;366;19;500;320;272;469;254;558;104;566;311;106;375;450;510;511;14;491;356;344;161;382;198;298;337;119;392;508;570;354;424;269;12;288;64;242;162;493;563;250;543;347;44;507;301;24;80;109;184;160;553;323;230;26;533;9;499;180;201;41;134;561;253;261;295;299;573;83;478;313
15:200;167;230;513;52;385;195;41;80;97;309;14;163
16:171;52;309;482;167;410;9;385;195;386;0;3;526;200;528;504;156;201;341;1;13;400;450;12
17:40;165;4;80;560;341;321;385;217;342;152;195;52;386;526;0;309;200;163;167;56;53;504;326;410;82;427;289;270;17
18:195;385;309;167;52;200;13;427;341;120;386;410;268;467;400;279
19:378;200;52;167;101;398;309;385;386;354;13;195;419;427;410;72;341;4;233;444;327;12;559;248;16
20:101;52
21:309;385;195;356;482;201;52;167;410;558;0;532;405;288;104;272;4;427;41;185;7;223;200;528;559;341;504;386;11;156;38;506;60
22:167;106;385;386;200;207;289;195;274;52;500;427;4;410;53
23:152;444;4;385;200;386;195;167;243;80;52;309;230;410;504;253;570;565;388
24:504;52;385;201;195;200;309;167;410;24;364;503;59;474;143;386;101;395;7;158;187;13;141;388;134;65;526;299;314;171;198;127;142;427;253;274;180;41;341;10;57;152;419;566;288;459;530;60;424;448;230;529;483;525;502;163;306;447;104;279;346;471;323;266;286;470;421;12;250;162;53;350;207;4;183;148;561;428;430;444;564;72;0;304;218;172;467
25:200;542;101;410;167;195;385;89;67;7;388;52;309;419;386;395;445;152;504;104;77;4
26:101;385;164;386;195;167;200;309;52;419;410;342;14;525;435;12;13;427;424;504;59;407;341;279;444
27:341;357;195;52;108;244;239;200;386;167;410;279
28:427;195;52;200;528;386;309;385;274;504;279;388;445;558;167;410
29:229;195;385;167;309;472;419;52;122;406;551;177;324;200;427;60;212;148;14;4;528;101;347;388;257;543;374;504;341;187;501
30:7;385;200;410;195;167;386;427;419;309;208;287
31:200;427;0;504;309;82;163;167;195;385;52;341;386;505
32:167;200;52;406;385;195;309;212;324;314;558;29;160
33:385;386;163;13;200;504;275;167;52;7;424;309;174;410;195;342;9;101;341;281;156;10;4;427;558;259;143;419;39;388;279;322;152;462;19;363
34:14;298;382;52;392;395;309;200;195;385;167;341;41
35:4;167;309;200;52;385;362;132;195;199;205;395;10;41;410;386;427;279;211;101;281;153;388;494;80;7;187;360;59;407;31;341;185;17;525
36:52;195;385;24;200;101;4;167;427;504
37:195;101;52;167;200;385;161;13;540;171;201;400;504;309;382;7;410;401;386;558;494;341;346;163;550;187;60;253;4;152;19;283
38:309;385;52;167;244;200;11;287;13;195;524;329;427;386;396;419;558;162;21;471;529;395;207;348;410
39:287;410;167;444;52;309;200;356;402;101;360;195;13;321;161;385
40:504;101;207;200;385;52;253;4;195;309;410;298;570;433;80;386;167;341;40;48;419;371;388;230;424;180;113;12;282;471;558;354;560;78;528;53;541;427;183;261;554;432;217;61;206;0;486;46;482;244;529;60;7;175;356;305;104;420;118;326;122;252;360;346;184;469;389;444;135;496;321;279;59;493;534;494;17;289;435;270;491;27;136;68;357;108;87;134;56;283;147;201;324;152;127;214;266;188;355;51;156;141;66;172;162;231;454;382;501;488;395;347;41;510;573;170
41:167;52;160;385;388;200;309;561;195;368;558;386;342;464;410;341;13;324;427;314;152;4;573;244;101;529;456;207;346;35;41;104;497;526;78;566;424;530;14;60;57;7;230;172;444;287;362;470;504;279;251;348;201;396;474;525;439;471;253;12;306;513;156;434;61;431;275;445;496;31;327;59;479;419;0;407;85;149;395;132;528;360;467;162;316;187;295
42:152;309;195;419;385;200;52;470;529;7;167;57;410;341;127;8;427;13
43:167;41
44:200;167;347;309;385;563;70;52;507;529;504;6;195;64;444;152;101;104;4;560;427;410
45:167;309;395;200;195;341;385;305;356;410;388;52
46:195;386;410;558;504;52;471;4;176;385;41;314;200;309;552;167;101;341;1;187;24
47:427;309;200;52;386;195;10;424;167;550
48:4;504;309;217;289;385;167;52;200;101;326;53;500;427;34;341;298;80;253;279;410;113;40;570;305;195;454;136;319;402;528;152;231;13;321;469;51;444;560;274;163;386;37;486;499;566;390;14
49:400;195;385;187;200;386;314;167;14;52;341;120;504;210;135;342;395;7;543;44;508;13
50:385;388;231;504;4;195
51:385;167;200;122;195;366;309;52;163;103;322;101;471;424;386;107;250;368;558;148;341;172;10;427;410;244;133;396;204;530;313;504;346;501;259;405;80;13;419;127;180;89;445;14;388;144;57;7;268;362;528;4;566;342;305;112;59;60
52:309;167;410;152;419;195;52;385;360;386;322;200;101;494;366;504;357;162;346;310;471;82;201;13;279;165;258;164;187;341;70;427;41;193;536;421;4;134;64;43;61;395;388;141;7;14;379;179;253;543;252;446;305;382;558;445;488;347;356;274;127;324;107;161;207;74;350;80;9;51;458;428;361;491;529;155;424;404;371;24;533;266;566;447;501;143;496;215;552;280;223;0;59;283;268;219;358;439;111;2;464;92;342;352;122;307;331;262;54;561;306;525;521;487;456;398;60;402;328;231;169;12;314;244;259;57;250;299;198;230;549;444;67;284;171;156;10;106;135;389;104;513;355;184;563;185;158;119;300;354;189;278;55;29;251;547;83;172;153;87;470;484;526;511;467;510;514;8;163;120;380;183;110;243;528;315;237;485;493;132;362;224;103;66;480;490;368;212;573;479;160;211;197;275;261;78;130;449;290;288;452;473;332;417;204;344;142;180;336;287;313;503;474;192;571;277;476;19;11;191;194;149;265;349;126;412;550;375;542;468;178;33;84;296;205;56;44;374;507;37;399;6;506;400;281;369;232;77;25;570;115;304;478;272;129;441;114;49;460;316;38;131;411;505;228;373;95;527;481;317;401;532;520;482;329;21;560;53;5;17;302;345;564;93;517;47;16;69;530;367;234;159;512;377;499;295;138;239;118;151;105;429;403;415;348;18;334;273;396;3;256;89;432;435;190;209;154;257;486;146;323;359;81;337;97;23;85;297;559;124;500;174;1;276;15;35;519;246;363;434;65;26;333;31;176;433;393;168;229;455;218;286;94;422;502;477;448;406;248;148;515;42;541;40;269;220;325;109;420;267;210;90;544;378;459;226;538;254;483;22;392;298;282;492;518;294;540;405;175;553;454;39;227;235;236;376;430;442;555;75;326;72;222;116;413;565;238;450;241;554;466;453;301;327;535;208;245;523;34;545;216;463;416;320;71;128;436;461;91;108;68;391;123;451;45;372;225;469;465;472;73;144;390
53:385;4;160;167;80;386;201;382;200;152;187;560;158;341;195;18;40;419;410;13;346;360;504;101;521;309;405;326;17;136;373;529;513;274;53;0;111;359;289;181;298;52;208;422;61;156;528;217;228;390;469;253;48;7;162;305;486;266;133;412;463;265;197;570;118;110;163;287;10;355;134;356;8;564;395;388;66;402;231;427;558;534;421;444;59;63;279;207;482
54:200;206;167;385;230;52;331;122;386;195;279;410;148;560;309;80;444;504;4;341;427;491;252;142;113;280;101;25;388;382;244
55:52;385;309;299;504;200;195;461;167;59;13;511;104;321;410;101;467;341;558;201;314
56:4;200;80;385;52;560;504;346;360;40;501;528;195;305;341;167;165;559;287;101;199;13;127;410;566;386;448;41;205;261;326;388;270;53;155;163;427;300;322;104;103;82;157;274;219;496;321;419;323;257;229
57:200;167;52;309;385;195;386;457;198;346;356;504;332;341;382;122;410;254;230;13;212;41;419;427;0;10;161;424;51;388;395;60;274;268;558;363;207;101;299;24
58:341;500;195;405;152;309;167;395;200;386;430;207;410;529
59:504;200;195;386;52;309;4;373;385;78;439;167;101;148;427;410;230;510;459;528;10;53;332;424;388;164;274;272;306;361;0;307;471;201;513;104;329;152;234;478;59;525;7;288;13;24;238;161;41;90;560;60;367;389;172;198;475;421;122;543;488;187;239;322;149;363;494;244;154;324;279;207;107;350;160;530;9;474;61;434;379;501;573;158;346;400;341;444;289;458;69;515;12;558;162;402;529;395;144;356;134;305;323;419;347
60:167;346;504;195;200;309;4;424;478;52;274;239;341;385;59;82;558;386;529;528;419;432;1;410;80;26;53;560;395;97;13;236;201;396;544;7;276;474;101;238;0;41;152;92;279;163;230;494;354;324;24;107;143;141;122;356;57;314;453;104;156;212;427;471;482;207;60;40;551;374;244;29;368;406;501;161;321;64;193;118;566;513;268;382;491;444;169;105;78;231;361;400;14;421;61;176;228;127;299;10;306;134;388;362
61:167;172;536;52;200;309;195;504;385;72;362;288;427;386;152;395;12;40;10;388;59;187;410;459;513;274;279;104;185;161;555;501;573;424;479;201;419;341;558;342;13;398;4;115;171;524;51;223;346;305;14;369;83;231;80
62:167;200;385;52;223;60;386;504;309;201;7;158;261;195;410;432;288
63:321;351;424;410;195;200;547;385;59;461;309
64:386;374;385;341;167;52;257;195;507;200;187;309;504;361;410;388;13;444;382;347;152;235;421;427;4;288;82;480;496;403;101;41;371;279;424;9;442;47;201;395
65:195;200;385;167;322;444;362;346;309;57;410;187;52;101;558;395;371
66:167;195;52;410;341;528;309;421;200;385;57;428;13;253;504;529;386;274;1;201;525;480;143;21;427;150;458;544;212;244;60;288;101
67:52;195;200;385;529;80;274;167;309;101;171;284;504;13;89;388;341;360;550;386;332;70;558;126;280;460
68:314;52;200;385;101;195;455;40;251;165;504;341;167;172;388;309;283;152;419;362;410;342;13;161
69:525;385;167;200;309;195;52;386;427;187;341;424;504;59;407;13;0
70:167;386;52;385;200;187;395;161;309;504;195;149;570;419;424;388;232;198;101;341;410
71:386;200;155;167;52;195;307;385;309;410;154;207;419;406;250;525;369;7;560;573
72:101;167;195;386;385;491;13;200;309;299;52;410;19;152;262
73:395;341;195;549;200;427;14;167;165;385;52;412;252;309;504;388;360;84;104;230;410;346;101;436;356;274;4
74:195;52;386;101;309;331;385;410;13;200;152;167;4;360;223;482;298;341;496;7;192;395;207
75:167;395;410;200;52;195;161;309;325;385;386;427;573;504;201;80;434;545;149;304
76:385;200;341;195;163;386;309;504;152;223;279;167;84;164;52;228;410;56
77:385;52;566;212;167;309;386;285;201;200;0;149;415;341;195;158;525;152;410;504;544;427;501;348;59;209;4;314;163;279;346;184;324;237;444;259;356;134;517;7;84;274;558;57;80;316;287;78;560;388;305;101;360;13;12;298;445;230;352;282;529;89;336;14;208;25
78:200;244;305;385;80;167;309;195;52;529;122;459;176;346;342;230;504;107;419;152;491;274;360;355;341;41;60;427;284;134
79:150;329;385;52;410;504;195;13;113;200;421;167;544;427;40;528
80:4;410;53;200;195;80;493;52;274;40;309;298;560;217;152;389;477;249;167;385;506;504;113;386;427;482;24;287;156;388;326;17;206;0;341;270;13;56;108;570;48;26;91;279;158;304;41;8;7;503;448;421;558;83;253;354;283;231;402;468;574;212;218;321;454;400;469;280;268;305;127;265;128;254;444;382;244;9;530;51;101;78;409;54;390;306;104;491;290;336;445;70;425;501;106;59;14;136;31;573;60;528;32;148;133;197;368;6;162;419;464;486;424;472;114;360;356;344;266;187;347;172;324;207;89;67;330;355;210;471;285;289;184;323;85;257;135;433;237;396;180;230;87;259;146;12;534;529;147;276;393;325;299;143;201;44;141;395;553;542;492;211;261;497;221;37;521;405;272;500;373;507;526;81;153;103;77;165;164;362
81:200;374;4;167;341;243;52;386;385;195;389;309;274;460;400;152;444;427;80;64;355;0;212;12;13;161;299;410;101;530;560;127
82:195;52;386;385;309;48;13;504;564;167;200;346;157;274;7;4;187;427;410;550;288;162;341;153;283;558;421;231;419;101;547;59;0;491;424;435;525;16;528
83:385;309;386;195;200;52;518;287;13;341;216;439;410;54;122;485;529;504;163;266;167;10;7;101;324;388;419;510
84:309;52;385;200;195;444;386;341;322;167;187;346;14;424;163;13;10;78;76;410;478;393;12;4;412;0;101;162;427;294;152;549;141;7
85:389;52;444;167;385;200;4;341;374;64;195;309;279;13;388;153;410;286;201;427;41;228;152
86:385;195;558;167;200;52;23;309
87:200;165;52;331;410;385;167;195;427;309;279;341;13;386;283;131;80;12;4;40;504;558;319;501;471;141;419;27
88:52;195;504;309;167;200;488;218;385;184;410;386;4
89:427;309;385;195;395;52;200;67;410;341;104;424;51;167;25;279;14;529;80;386;504;528;172;64;141;101;445;444;161;560;13
90:7;386;4;167;52;152;385;200;13;12;59;309;422;490;195;341;163;40
91:59;195;410;505;385;52;0;200;13;167;309;4;16;9;424;212;386;525;427;488;341
92:309;167;385;13;386;558;122;101;200;382;195;455;7;341;427;187;52;514;299;471;274;162;14;564;261;419;82;410;529
93:200;195;167;309;385;287;52;252;549;504;529;410;141;7
94:395;410;385;52;259;195;386;200;504;149;405;528;167;34;274;174;191;152;341;309;60;104;6
95:200;152;195;167;35;41;410;14;52;341;385;163;504;505;228;444
96:52;410;195;309;299;167;4;424;566;200
97:167;385;560;52;396;195;432
98:52;201;200;167;152;309;439;385;195;351;410;273
99:386;504;385;200;457;410;59;13;52
100:167;52;385;432;200;427;410;309;528;560;544;60
101:167;309;13;12;52;371;529;410;388;195;419;165;101;504;41;385;7;200;382;360;386;491;445;187;127;284;496;459;508;392;341;132;427;279;560;34;4;152;305;395;356;78;549;104;287;73;251;444;141;471;281;428;14;59;212;161;274;134;424;209;467;347;18;361;54;207;180;197;149;24;351;10;201;131;151;324;0;566;463;162;83;122;485;85;171;40;238;307;502;422;97;513;550;337;558;252;316;184;37;80;543;120;400;268;160;313;442;57;306;107;172;350;290;142;278;336;230;198;411;476;60;225;366;331;280;346;144;505;69;91;72;525;464;253;257;421;277;254;342;406;244;510;487;412;237;23;570;299;448;124;499;204;64;374;29;216;148;453;191;158;473;119;61;552;396;325;501;460;300;92;260;276;329;84;2;261;190;355;8;16;511;89;514;39;65;314;493;143;164;393;362;379;156;474;82;256;228;33;446;488;223;528;322;561;348;430;135;218;530;19;213;288;266;154;507;259;405;515;95;130;275;516;246;262;9;433;339;70;93;573;163
102:52;167;341;410;488;309;195;385;200;7;542;553;501;35;427;528;205
103:167;200;385;427;309;52;354;419;4;398;195;560;0;217;410;504;101;24;12;13;80;471;67;386;550;395;41;528;341;336
104:410;200;52;195;41;205;385;101;309;352;299;323;456;504;167;341;355;427;212;83;156;501;4;80;573;61;7;490;471;24;550;13;59;254;571;324;356;56;152;153;483;525;478;424;60;201;134;305;262;66;172;342;388;444;493;529;362;488;314;251;357;386;419;129;230;511;78;549;346;279;150;21;396;0;62;361;244;329;127;558;400;93;132;360;126;272;371;135;210;330;528;119;198;287;14;459;162;482;476;363;187;468;163;218;345;382;280;306;215;10;403;421;53;84;463;6;192;430;207;12;405;552;94;420;566;555;415
105:167;410;309;200;385;52;386;504;101;195;419;109;471;360;122
106:487;52;12;195;309;410;200;305;385;341;152;504;167;471;80;510;101;427;554;566;424;13;279;14;558;386;106;59;419;210;342;272;425;282;387;388;231;7;187;444;389;4;382;185;56;405;274;430;21;174;528
107:52;53;163;385;326;152;427;195;6;13;200;34;167;341;309;395;104;7;504;299;80;101;230
108:195;167;4;52;13;200;61;80;82;385;40;410;279;152;309;560;7;108;529
109:309;385;4;167;195;152;200;52;322;528;410;80;427;299;354;461;33;324;504;59;13;479;64;386
110:76;200;167;385;195;152;528;316;547;410;471;309;52;262;504;386;4;341;323;0;250;360;288;258;395;231;444
111:243;444;200;410;427;195;167;309;385;80;341;52;7;386;13;171
112:528;309;200;167;385;52;152;558;410;47;72;224;195;118;264;101;526;161;504;386;8
113:341;4;388;167;14;454;282;104;195;200;52;80;305;287;24;198;504;469;274;385;132;309;433;392;570;453;422;410;238;395
114:52;382;427;4;167;279;309;200;195;101;274;410;341;504;385;344;386;388;231;468;283;288
115:167
116:167;52;195;309;200;13;303;385;274;243;382;10
117:52;309;13;167;10;385;200;410;341
118:167;187;200;309;410;52;40;386;13;195;385;504;72;299;78;305;476;402
119:410;195;127;504;388;386;167;385;352;200;309;13;52;341;295;419;101;445;143;528;67;106;529;7;279;479;345;427;161;152
120:135;385;195;200;309;13;558;396;52;402;167;101;274;363;404;237;504;321;254;116;4;345;341;427
121:200;341;195;13;167;52;385;395
122:195;299;385;13;341;410;167;200;52;504;4;560;51;386;558;274;152;309;259;201;371;429;101;427;395;7;161;444;230;54;463;316;0;122;163;243;307;60;566;266;272;525;419;331;554;12
123:385;167;195;200;52;287;444;419;309;13;528;279;410;299;526;386;427
124:167;195;281;402;13;324;385;52;410;200;342;258;309;161;231;427;388;424;41;279;253;501;386;529;421;101
125:167;268;52;13;309;200;341;410;530;385;479
126:385;52;200;427;195;167;410;53;386;4;405;416;430;299;528;309;287;12;419;504;101;356;341;444;279;357;388;187
127:167;385;200;309;382;427;52;195;376;184;410;274;488;4;0;386;450;504;156;444;101;341;419;550;395;127;287;279;152;7;356;324;230;388;236;336;305;80;201;78;205;439;60;197;61
128:167;342;444;323;13;195;200;52;309;279;410;303
129:167;52;356;200;385;309;195;341;4;101;427;7;419;104;504;410;511;53;388;570;386
130:195;385;0;490;52;309;200;167;274;386;201;7;410;504;427
131:464;309;200;216;52;2;167;410;385;341;195;427;262;386;107;59;439;307;421;314;253;190;13;205;10;566;101;211;4;51;80;526;488;162;342;7;478;324;529;141;504;388;87;279
132:200;385;195;309;549;165;410;101;167;4;475;164;52;14;141;341;274;212;558;427;504;503;299;35;13;386
133:4;200;560;53;298;323;52;167;395;385;570;437;48;195;56;309;250
134:195;200;385;167;52;336;165;386;164;341;309;253;410;13;279;537;427;59;256;346;262;14;419;324;7;24;316;250;101;106;163;187;528;510;421;388;504;529
135:195;200;279;385;52;309;419;504;167;13;427;101;120;295;400;80;444;410;386;7;421;558;395;496;511;201;4
136:309;385;341;427;4;152;198;200;52;167;207;80;53;156;337;195;560;40;48;326;56;0;31;410
137:200;52;195;152;410;348;385;529;309;341;60;167;573;421;386;405;104;4;53;395;427
138:200;167;309;52;504;347;195;385;388;341;410;558;386
139:200;52;566;195;385;410;218;529;167;101;458;276;58;309;162
140:195;200;345;558;167;385;309;279;410;342;52;104;504;321;290
141:161;410;195;386;200;309;12;274;385;356;167;4;19;346;59;550;52;573;342;7;101;504;479;341;41;329;421;525;528;419;24;104;314;152;340;13;172;452;207;427;132;279;290;113;379;530;360;454;252;565;149;400;14;142;287;425;89;82;305;388;9;321;242;281;251;232;471
142:355;385;195;307;200;167;309;112;250;52;10;101;163;204;410;504;388;180;427;386;284;12;4
143:195;167;200;52;529;59;410;152;341;85;386;385;421;216;427;288;309;7;41;479;513;483;0;191;474;101;379;165;298;388;14;504;566;511;65;162;234;187;33;84;13;111;8;4;122;560;362;141;342
144:167;195;52;309;51;4;200;385;410;101;504;386;495
145:13;200;439;167;385;171;52;152;54
146:386;385;267;504;283;200;83;167;195;52;388;402;421;410;558;288;13;146;309;325;529;82;201;346
147:152;52;53;195
148:52;385;341;167;195;410;525;200;419;29;309;59;386;10;427;306;368;275;216;388;107
149:200;385;420;52;359;309;386;167;13;41;195;410;38;201;101;515;356;504;152;424;60;505;529;348;346;7;341;290;279;70;141;427;419;4;295;395;388;187;417;244;0;82;398;59;421;558;288;362;225;342
150:195;386;167;528;200;341;309;385;52;41;544;348;410;396;560;504;432
151:200;167;14;309;504;195;385;13;52;362;41;314;231;528;153;334;84;468;410;471;101;4;152
152:309;167;504;385;200;410;52;192;298;195;386;560;12;158;395;152;325;421;4;341;304;447;53;41;137;59;61;101;427;329;13;201;274;342;262;323;172;279;0;528;141;388;558;116;496;243;119;382;104;359;346;207;405;573;491;171;306;511;127;161;253;110;478;162;412;463;566;307;14;272;168;148;122;54;155;406;525;217;230;552;529;416;22;471;289;430;380;350;510;60;288;314;34;98;444;435;544;82;17;299;187;80;474;513;470;87;231;266;419;390;7;66;68;489;460;135;361;64;347;475;507;269;360;143;354;364;254;47;466;398;550;225;561;29;324;36;425;198;336;51;160;541;468;328;40;8;229;204;111;11;396;212;182;422;431;74;149;286;73;156;228;26;458;445;371;514;439;368;176;134;142;554;261;366;213;482;485;326;89;2;164;283;106;501;191;223;21;316;549;374;153;424;494;403;479;273;237;169;301;67;109;417;305;277;208;244;331;376;165;294;393;179
153:195;101;52;309;385;167;200;13;427;7;9;162;322;279;253;529;504;419;348;287;524;60;149;201;395;272;79;558;231;388;288;80;501;230;24;410;8;205;386;41;10;171;482;243;444;14;6;274;152;382;127
154:414;200;167;195;14;101;385;223;52;504;13;41;160;309;427;212
155:309;167;257;200;134;195;101;4;385;419;13;386;410;52;388;201;504;292;152;558;478;421;341;529;80;360;0;104;468
156:195;504;309;386;0;52;359;167;200;385;420;561;101;341;4;53;410;279;284;427;371;491;29;314;305;558;262;395;324;419;164;250;274;528;468;160;207;406;560;244;486;529;212;368;197;356;85;479;152;201;13;513;421;59;60;161;474;299;501;432;204;9;275;24;131;122;127;7;553
157:355;167;385;279;195;410;101;427;200;52;305;466;14;274;47;309;424;29;152;82;386
158:60;52;167;410;200;415;24;504;395;4;195;385;268;379;525;309;13;152;191;59;529;573;161;192;158;298;10;360;421;341;101;80;201;12;119;230;382;279;386;53;558;314;241;507;305;14;388;207;223;219;348;143;171;364;427;324;419;45;116;8;212;391
159:385;101;341;52;230;167;4;513;386;200
160:309;345;386;52;382;511;385;200;341;4;195;284;152;167;410;361;175;279;388;427;13;504;104;184;569;14;122;324;29;212;323;570;453;161;60;475
161:195;347;52;167;410;309;200;385;341;13;479;119;513;201;59;483;504;395;421;342;307;7;183;4;53;388;427;80;101;152;210;549;14;419;244;165;305;478;360;393;253;475;558;268;176;274;161;386;83;204;361;41;313;134;127;530;529;448;72;24;424;510;10;208;570;464;110;160;515;61;31;490;525;280;502;444;526;158;506;228;471;379;411;306;0;279;325;104;434;67;287;514;295;239;321;258;124;198;563;235;187
162:230;80;52;200;13;195;167;410;53;14;388;152;309;427;385;558;342;386;529;421;504;288;346;141;231;56;185;329;559;273;212;19;163;561;307;7;40;201;253;59;82;400;430;283;550;501;395;341;356;279;46;0;24;101;499;463;257;459;500;151;525;161;479;61;502;153;4;314;74;29;207;177;324
163:52;309;200;444;167;195;385;243;354;253;386;419;558;101;410;388;494;504;299;13;382;279;400;237;218;77;161;305;341;393;78;510;227;397;14;424;84;4;537;322;560;270;9;16;0;91;59;435;427;234;201;505;7;497;268;156;395;480;31;528;12;17;525;205;41;211;526;57;448;10
164:167;309;388;341;195;385;101;52;346;386;200;410;231;427;504;134;198;152;287;360;496;78;419;511;212;573;156;463;266;104;0;305;529;342;331;439;76;7;54;13;566;274;547
165:52;385;167;152;200;386;410;528;309;101;195;427;41;13;10;574;187;141;419;566;341;64;389;4;262;424;256;356;504;63;316;445;279;337;230;290;89;73;104;346;388;78;511;479;253;318;82;529;331;436;164;143;161;134;165
166:200;195;52;41;427;504;167;309;385;410;17
167:504;195;558;200;167;52;309;554;385;511;369;272;410;341;427;12;566;13;164;279;412;101;344;388;201;381;419;152;244;0;7;386;41;97;161;432;395;560;274;573;544;405;346;396;162;59;529;501;324;261;127;445;356;510;549;360;561;212;464;107;158;191;60;104;306;471;207;525;521;14;301;382;280;563;135;439;10;134;492;51;456;163;84;119;190;87;165;444;198;126;24;141;89;284;80;83;499;211;143;491;329;157;488;61;228;555;513;240;379;288;271;430;520;407;528;450;480;187;106;421;4;142;337;376;514;331;295;243;231;314;64;551;424;543;171;490;559;69;31;124;336;129;54;237;342;257;172;92;72;264;115;357;362;275;239;122;398;322;457;65;507;479;482;234;268;299;526;123;149;320;307;197;250;422;297;159;269;194;512;415;235;361;37;184;57;509;70;180;294;550;49;118;29;380;156;154;368;146;47;230;348;434;474;1;278;46;373;3;402;253;53;532;355;298;116;350;219;109;335;223;6;287;9;371;82;251;466;2;347;252;374;78;160;323;414;433;15;451;8;400;530;66;468;359;213;174;409;547;485;351;42;260;305;266;453;258;571;316;458;497;205;193;454;67;98;111;238;259;455;515;505;91;367;437;218;328;470;428;354;35;185;155;209;210;5;38;533;130;188;281;85;300;241;496;304;215;254;481;128;94;452;461;420;441;460;242;363;332;131;169;384;110;177;448;524;175;494;229;449;73;283;459;33;431;502;132;565;302;353;248;90;552;333;467;406;176;366;286;153;345;208;74;553;523;447;249;435;26;23;265;330;236;567;506;285;541;262;296;442;473;63;478;477;463;562;325;483;77;508;28;493;95;293;44;500;19;570;411;290;30;16;446;55;267;224;179;150;102;495;43;365;393;542;178;222;313;310;476;536;378;93;503;27;56;182;389;34;58;321;183;425;535;192;216;312;203;75;45;103;105;40;226;18;246;148;568;548;276;139;375;214;358;227;417;475;112;317;564;114;151;282;519;352;140;273;572;326;181;206;245;377;392;189;217;391;79;489;387;486;516;404;436;429;225;62;370;364;39;86;413;113;199;11;81;397;574;204;334;556;233;340;48;538;25;440;232;487;71;349;303
168:52;4;410;427;364;385;167;309;75;143;206;525;195;207;137;314
169:504;385;14;167;200;410;507;195;52;309;158
170:24;200;385;168;410;52;167;4;504;152;386;195;104;143;80;341;309
171:200;195;167;427;385;410;309;419;156;444;504;178;158;152;341;379;101;209;104;331;51;13;52;452;478;274;230;266;439;279;141;529;342;322;386;111;54;307;565;558;283;59;37;253;84;187;261;366;24;65;395;163
172:309;385;41;195;52;101;200;169;14;382;167;40;504;23;558;388;427;444;361;307;59;395;4;104;314;251;299;419;13;80;410;204;76;439;341;51;511;503;172;542;386;212
173:385;195;167;309;491;52
174:200;52;405;385;410;195;167;80;4;480;421;22;53;386;361;6;395;505;504;274;104
175:61;284;200;167;385;195;309;187;410;52;341;40;481;161;423;18
176:386;309;52;427;385;200;346;4;410;137;276;13;525;195;167;373;341;253;81;558;78;396;342;161;307;496;305;152
177:155;195;200;167;4;547;52;309;385;419;279;573;212;257;7;316;324;314;427;60
178:167;385;200;410;60;52;427;195;171;61;207;59;573
179:341;195;94;385;80;309;200;14;389;52;356;410;360;305;388
180:52;201;167;385;195;341;200;427;550;309;410;14;504;101;305;142;24;395;7;433;386;120
181:4;200;52;424;7;385;195;65;410;309;167;296;496;395;272;427;386
182:200;385;386;195;161;52;309;167;341;561;523
183:167;195;385;200;52;78;388;101;322;504;439;161;309;307;395;61;160;197;410;152
184:560;200;324;195;167;386;309;410;385;52;80;152;388;37;4;280;498;395
185:195;52;167;480;200;385;560;56;309;163;360;82;4;410;107;529;520;13;375;127
186:385;200;167;195;190;386;205;544
187:167;386;341;488;52;385;101;504;558;195;4;410;389;200;427;309;172;424;14;290;287;419;201;187;346;451;388;286;471;59;357;239;513;13;261;230;80;198;10;279;134;314;162;253;41;180;395;24;432;114;70;444;347;64;163;143;362;66;7;9;152;37;31;480;35;450;245
188:307;52;167;13;388;309;419;162;385;410;200;261;195;10;424;386;427;101;362;553;341;299
189:395;195;444;127;382;52;427;309;200
190:341;385;60;167;172;195;52;309;410;200;424;419;558;393;386;136;13;7;4;560;104;504;254;109;427;101;80;88;335;272;152
191:200;167;195;385;410;52;101;212;309;299;528;529;501;386;149;388;161;201;306;156;158;427;304;512;471;287;504;15;431;421;6;331;14
192:309;200;167;195;504;52;13;386;341;385;410;130;201;104;306;288;60;152;447;149;7
193:309;57;60;167;52;366;200;558;410;262;195;385;59;256;305;324;571;4;13
194:167;385;195;200;52;59;161;127;452;341;386;395;274;410
195:427;385;341;80;195;167;309;410;52;200;388;386;101;4;7;70;165;504;24;356;163;529;354;127;525;424;13;400;471;367;299;435;450;280;91;395;60;244;526;59;194;496;201;421;560;149;396;10;82;107;483;208;482;273;230;209;236;306;94;458;93;152;530;419;134;161;393;142;513;0;573;288;274;41;191;104;176;342;355;350;279;558;346;231;162;455;12;84;282;290;187;169;382;140;565;404;198;352;360;97;359;348;479;9;150;15;323;164;253;570;485;250;160;549;501;528;362;310;402;258;357;224;239;172;122;68;126;540;66;38;207;182;448;33;266;171;2;111;488;283;237;14;480;155;144;332;56;505;185;507;44;254;374;40;257;347;64;361;551;95;277;19;304;366;491;574;566;314;106;384;307;305;428;340;568;156;132;57;324;118;72;547;286;322;444;302;398;46;141;459;43;490;26;327;245;515;405;6;439;344;511;331;78;180;99;67;436;291;92;463;74;119;184;569;521;89;445;175;336;401;298;461;494;272;51;85;381;192;223;261;371;275;199;262;514;143;379;215;457;39;112;234;478;153;278;563;297;434;432;544;243;53;61;321;108;387;443;54;407;148;110;375;406;284;550;437;412;73;129;158;415;295;120;212;368;422;154;256;193;83;300;552;329;65;369;113;460;559;34;392;561;468;197;174;259;135;268;554;503;313;204;510;470;276;506;543;55;425;535;213;433;446;29;466;109;476;287;429;537;218;105;389;394;159;351;312;269;326;211;222;217;62;403;474;249;226;414;35;116;363;146;242;499;228;531;416;522;467;131;28;296;37;493;475;378;345;32;325;206;240;449;235;516;364;210;8;178;430;22;179;281;23;481;317;536;1;260;534;456;320;17;442;373;265;58;87;316;391;157;100;16;289;527;464;294;553;497;86;189;124;3;532;238;76;214;487;18;333;69;477;571;380;486;183;216;11;564;225;303;500;25;408;136;128;75;411;452;151;438;139;337;137;484;130;418;267;45;519;252;308;328;498;123;285;21;441;541;319;227;103;248;145;413;447;188;71;431;246;205;358;229;31;77
196:363;195;385;101;427;167;309;200;254;504
197:250;52;307;274;167;200;559;410;24;195;341;162;560;101;385;386;7;309;10;529;110;350;171;525;207;395;324
198:195;356;386;410;187;167;52;309;558;149;341;385;419;504;388;200;244;127;427;529;14
199:205;230;167;410;385;427;4;41;200;309;468;195;279;52;10
200:504;52;127;410;200;341;4;195;427;167;187;385;389;309;386;346;207;280;161;101;13;24;379;61;501;329;513;9;274;156;434;474;283;242;360;59;204;323;421;162;206;0;164;266;464;7;192;419;555;396;150;41;143;388;395;424;12;514;505;126;163;458;31;356;14;322;566;324;400;10;184;528;198;244;152;104;331;279;422;272;243;444;488;563;208;78;439;362;54;310;507;347;160;70;467;299;525;459;268;51;141;87;131;314;172;251;39;219;412;463;281;212;230;57;60;158;321;175;445;382;253;307;53;342;570;573;201;350;74;551;178;519;471;448;288;267;371;529;223;485;107;29;148;250;287;558;542;169;460;64;82;122;405;259;80;403;174;165;496;262;352;550;65;305;344;211;144;526;355;479;72;84;19;535;530;114;46;491;106;548;261;237;18;135;290;428;8;33;298;482;282;149;565;129;113;94;373;490;77;499;257;313;369;118;568;85;480;549;402;560;433;235;209;191;210;430;239;256;245;300;306;415;110;398;547;25;171;325;357;380;553;338;205;231;91;359;1;16;155;56;185;254;35;89;284;215;276;197;354;571;348;189;44;38;236;340;275;111;375;455;93;142;26;442;456;37;71;15;364;483;234;481;361;374;176;295;40;23;179;132;409;326;6;103;564;86;102;492;304;469;47;48;139;81;273;316;333;345;301;119;2;134;66;95;228;240;265;503;557;123;68;468;358;218;457;278;229;30;75;447;269;366;296;5;11;391;289;92;116;337;67;411;193;154;406;83;294;146;137;432;327;383;478;552;238;436;527;425;112;511;97;69;435;180;420;510;217;183;339;224;453;216;572;368;258;153;336;332;73;297;536;404;303;105;378;429;291;241;260;401;227;335;138;561;393;454;157;537;574;543;475;441;222;559;120;34;487;166;540;494;431;367;438;45;351;190;466;477;302;524;136;202;533;470;381;521;562;311;506;484;486;285;500;320;407;252;376;203;414;22;416;177;286;151;109;497;168;140;452;541;188;328;363;554;493;523;181;473;213;443;128;390;517;79;115;246;62;377;226;544;130;108;498;399;21;32;446;124;233;117;384;365;502;145;509;512;159
201:195;309;152;167;370;101;200;52;385;525;419;299;274;566;127;110;386;60;427;410;244;504;444;341;201;41;207;382;303;13;187;184;4;7;257;237;104;243;158;346;342;298;395;474;228;212;558;398;571;471;559;361;143;505;356;259;122;59;0;12;284;142;388;514;180;396;78;162
202:388;309
203:385;341;195
204:385;167;551;244;279;200;195;148;309;52;212;156;529;41;410;127;13;427;7;261;211;83;341;162;558;402;231;421
205:207;167;419;195;52;488;410;386;200;4;385;261;530;504;341;35;13;309;211;163;362;566;279;199;10
206:341;4;80;385;170;309;195;504;167;479;60;158;52;560;212;40;104;529;206;200;511;390;244;431;53;222
207:385;410;52;309;386;200;341;504;167;274;195;7;496;127;59;526;279;290;101;558;152;135;201;360;184;346;345;421;419;529;444;400;301;13;10;424;61;324;161;447;40;505;478;95;561;427;0;474;298;356;528;158;479;80;4;89;395;187;491;136;107;330;155;104;364;143;12;53;6;405;326;94;560;34;185;163;56;488;211;566;388;266;439;74;148;464
208:410;309;171;200;152;572;386;427;385;52;80;4;561;478;195;161;279;244;167;351;528;298;85;60;504;7;341;11;287;219;104;560;496;513;477;421;101;267;540;156;13;514;41;371;77;360;290
209:410;167;200;195;336;385;201;386;52;309;427;504;341;388;4;0;162;152;463;101;342;424;331;555;161;7
210:195;356;294;385;52;504;167;309;161;516;200;101;410;454;230;427;7;104;382;347;361;14;324;341;187;386;4;158;447;80;206
211:386;52;8;385;362;195;299;13;272;51;427;167;309;200;410;163;56;207;492;424;504;4;9;341
212:200;167;341;386;385;52;101;195;309;566;41;10;456;410;427;324;113;60;13;501;191;573;504;394;544;244;240;201;419;269;529;29;229;230;4;382;111;406;400;395;7;346;279;59;135;388;237;254;37;444;152;526;457;262;107;272;127;134;314;257;154;570;122;411;74;525;505;261;162;274;91
213:385;4;167;410;195;72;200;275;427;494;299;461;13;571;52;419;39
214:4;127;385;309;7;188;341;195;52;80;221;427;279;410;355;468;56;463;53;200;152;167;570;499;486;390;101;331;444;253
215:152;115;385;167;195;386;61;0;24;200;52;427;471;504;279;573;382;410;479
216:52;195;427;309;419;560;167;410;385;148;274;13;200;101;395;346
217:4;60;560;0;206;80;410;309;364;555;200;52;424;385;427;341;143;167;525;298;386;59;53;136;289;163;17;26;504;22;395;513;326;40;486;195;419;305;307;152;541;444;402;346;558;482;501;201;10;56;388;141;357
218:52;427;101;398;309;7;385;386;471;195;558;141;152;200;321;167;346;388;13;410;382;560;504;6;24;455;104;37;511;279;171;419;70;80;135;106;207;228;41;421;525;111;435;288
219:52;195;200;385;167;410;305;152;386;287;75;341;1;207;158;309;427;479;61;482;77;342;550;300;366;103;421;13;491;51;424;468;19;8
220:385;200;195;167;272;52;456;24
221:41;410;167;309;427;341;195;385;299;4;52;51;346;504
222:167;4;427;385;200;245;52;156;162;60;195;152;410;298;422;309;544;506;421;101;35;528;386;7;280;238
223:386;504;74;52;410;195;167;385;309;306;152;200;427;6;61;379;13;422;158;21;244;406;127;2;59;78;171;14;228;529;0;212;307
224:167;4;52;309;195;200;7;410;386;385;398;378;427;341;388;82;239
225:195;200;346;118;134;309;410;397;52;167;7;386;13;219;4;152;385;24;101;504
226:504;152;200;309;385;10;52;167;410;104;195;481;314;341;61;386;566;13;151;141;398;134
227:195;101;427;4;385;558;29;167;7;200;466;52;571;305;309;47;104;64;351;134
228:200;167;385;386;195;0;223;463;419;83;421;309;412;341;162;4;52;395;152;504;59;513;501;61;410;427;411;218;490;60;479;156
229:410;385;52;167;200;195;560;504;230;148;204;101;307;266;525;14;309;529
230:385;195;80;410;427;52;460;389;64;167;13;101;386;309;200;7;543;419;504;454;420;84;341;361;299;430;305;395;346;41;163;14;514;0;274;279;444;165;535;253;156;388;513;78;152;53;360
231:80;385;279;309;4;52;167;410;444;195;402;427;172;511;469;200;152;162;7;388;252;386;101;59;104;121;83;528;421;341;14;253;13;231
232:200;504;195;501;427;167;52;309;101;410;385;7;528;70;77;187;165
233:200;359;195;52;4;504;309;386;490;360;341;444;410;385;17;375;480;167
234:309;410;0;111;419;52;299;385;195;386;511;530;346;388;167;200;427
235:385;386;309;200;195;52;167;127;395;10;478;341;380;427;504;198;268;361;444;101;169;410;161;279;570
236:60;167;410;200;122;274;386;309;52;231;48;14;504;385;195;558;13;9;341;478;261;51;427;424
237:195;13;504;52;385;120;230;309;386;200;419;167;341;410;246;268;101;317;40;345;444;560;280;10;324
238:167;195;41;385;395;427;309;52;97
239:167;52;200;385;195;504;410;279;310;388;4;314
240:385;411;4;195;309;60;200;104;167;504;483;355;525;523;410;395;152
241:167;52;385;200;201;400;427;163;341;195;309;504;101;360;410;13
242:200;243;386;388;385;573;171;167;52;82;427;231;12;410;309;421;195;109;288;504;4;13;346;342;33;180
243:200;303;504;52;309;195;167;13;29;201;514;385;386;290;410;382;548;242;279;274;356;444;101
244:471;195;385;200;218;310;167;309;398;52;410;78;463;412;152;101;161;474;504;386;223;307;478;64;432;272;156;14;13;228;552;396;528;544;558;59;29;160;148;346;324;308;60;7;299;0;10;314;41;51;375;212;570;322;421;243;444;198;427
245:341;52;200;560;488;385;195;410;501;504;191;309;490;187;31;167;444;427;480;279
246:410;52;200;274;385;167;237;187;195;543
247:200;279;7;385;341;52;309;167;195;410;386
248:195;385;309;410;200;167;361;52;7;386;424;0;276;19
249:52;513;167;200;385;504;410;195
250:385;167;195;52;200;71;386;10;309;154;323;257;322;281;4;341;107;424;59;410;24;439;529;262;127;419
251:4;52;172;167;41;200;104;314
252:127;385;195;410;504;10;200;167;52;346;356;73;341;427;129;284;309;395;386;376;549;7;257;529;279
253:266;385;195;167;388;60;309;419;101;52;421;386;4;201;200;410;504;9;7;207;395;80;10;547;162;341;59;346;356;24;165;427;244;549;279;64;496;14;461;402;360;57;528;560;13;259;491;65;214;283;525;199;313;40;0
254:52;200;424;513;195;419;410;385;309;493;104;167;13;386;341;388;24;366;314;444;342;165;160;101;345;427;80
255:214;200;0;80;4;195;298;52;385;486;152;40;346;309;9;341;253;560;127;199
256:167;309;52;410;195;13;386;299;0;427;444;200;60;385;488;24;134
257:563;385;200;172;361;167;195;52;64;410;491;169;309;386;427;504;14;382;252;187;530;388;395;274;368;212;547;471;101;7;4
258:52;165;13;167;385;200;195;7;341;152;561;274;386;410;309;504;342
259:457;385;33;195;82;200;167;309;356;52;253;410;386;64;424;558;13;504;40;72;80;341;152;405;104;561;359;53;4
260:195;52;385;410;167;217;200;421;341;279;566;393;427;1;419;163;14;386;152;556;360
261:167;80;200;52;385;410;395;195;550;7;39;346;254;60;386;13;19;419;101;196;427;299;4;185;56;94;53;341;504;38;444;223;348;309;432;14;65;171;324;104;201;59;97;41;388;566;162;528;553;424;492;205;338;362;51
262:385;427;341;410;101;496;200;386;571;72;52;195;152;528;167;193;59;262;570;369;80;309;4;529;259;156;13;350;485;324;525;110;207;504;109;66;550;134;10;455;60;558;272;444;299;346;537;19;274;47;491;14;511;419;160;261;380;7;83
263:152;385;200
264:410;526;60;385;157;230;195;52;200;53
265:410;195;167;309;385;200;52;324;250;53;4;148;230;386;456;341;41;529;395;528;279;361;427;54;382;421;504
266:0;463;309;195;152;52;82;386;385;167;288;427;231;13;388;283;200;410;341;322;307;171;305;40;9;122;533;164;110
267:410;195;70;336;341;427;142;52;279;167;504;491;425;385;4;395;444;309;550;200;24;253;2;393;386;388;106;516;244;305;162;283;80;558
268:385;200;52;195;427;167;309;7;111;386;51;530;8;504;279;152;467;237;410;24;101;207;299
269:167;200;309;152;104;385;386;195;513;555;13;410;40;52;504;4;424;298;341
270:80;195;500;53;200;385;152;4;217;309;52;341;214;167;560;8;563
271:52;195;152;385;167;309;230
272:122;200;385;195;167;244;52;395;309;101;463;504;396;341;410;104;13;161;526;107;4;126;274;174;152;405;7;40;14;259;386;74;158;306;415;279;24;501;474;59;424;256;118;503;268;299;419;163;212;388;427;132;134;549;382;412;210;106;543;337;529;528;417;290;141;64;422;149;21;560;153;60;0;513;453;80;19;491;261;566;267;129;444;86;54;201;187;237;281;362
273:309;386;200;385;195;410;162;52;56;504;326;185;6;53;341;427;31;167;471;560;0;444;388
274:60;65;157;167;195;200;13;309;385;341;262;82;52;558;564;101;424;427;504;59;122;7;410;225;58;386;235;529;266;428;152;342;510;56;164;279;419;566;257;14;9;525;16;526;444;258;346;187;362;471;395;95;274;127;184;421;314;4;355;51;156;40;12;267;73;70;48;165;0;77;104;53;80;326;405;351;141;275;8;466;528;161;550;29;371;243;254;402;481;560;467;116;361;347;44;374;491;501;169;507;64;399;289;513;207;194;359;230;252;420;78;356
275:309;195;386;52;559;200;167;427;385;1;163;407;162;558;410;279;9;490;506;515;287;13;532;555;395;118;341
276:52;430;410;200;101;75;385;167;195;275;386;60;309;427;381;341;555;174
277:195;385;309;15;57;200;52;476;386;8;444;167;410;53;259;496;123
278:52;201;504;200;195;167;385;152;341;88;128;70
279:52;504;200;167;385;24;410;195;427;322;60;139;386;388;382;13;279;158;164;104;331;238;309;8;495;341;346;41;566;448;4;478;78;384;54;152;440;439;80;501;178;288;563;101;419;560;528;421;40;106;127;294;12;516;327;400;490;1;424;0;356;306;505;444;513;525;14;61;77;543;298;274;454;558;529;373;137;259;496;482;187;475;305;15;74;215;161;541;110;324;261;177;160;212;122;374;395;428;51;561;389;59;57;299;552;468;223;210;314;73;207;198;272;268;156;48;342;402;162;243;201;237;37;140;184;7;119;135;66;231;336;180;267;491;253;216;228;307;339;114;265;570;514;230;323;84;530;412;129;76;360;134;81;321;396;488;211;53;208;329;350;485;107;573;368;257;29;277;363;163;219;283;82;535;89;445;35;205;470;197;466;227;126;169;354;494;492;18;172;536;362;357;179;151;378;258;391;526;254;511;393;5;471;10;387;266;70;345;218;241;347;214;183;168;192;406;250;244;287;289;85;436;507;459;369;351;64;9;481;493;251;165;262;352;225;154
280:385;195;341;309;373;52;176;0;386;200;410;430;167;4;346;558;498;504;218;382;13;54;371;419;201;433;253;209;104;89;80;550;427;444;325;324;254;7;152
281:167;195;10;341;385;309;13;212;52;101;566;200;410;299
282:52;386;305;136;200;309;195;149;284;272;167;331;410;385;89
283:195;200;386;167;309;52;388;385;346;341;288;504;4;53;323;427;410;402;152;82;13;558;310;87;101;566;496;454;550;7;164;253;325;296;230;216;41;526
284:167;550;200;309;195;385;445;41;410;230;386;52;395;152;101;388;341;127;325;165;201;427
285:501;13;41;167;195;341;566;152;552;200;410;385;348;479;306;504;52;80;275;309;178
286:200;309;52;167;496;421;424;195;13;504;341;152;529;385;558;528;323;85
287:200;52;101;385;195;309;386;427;388;405;10;211;167;299;51;56;197;80;529;504;212;419;14;410;13;84;526;274;4;7;104;24;152;122;341;243;60;528;153;38;298;544;238;59;8;162;457;395;305;356
288:60;200;309;167;385;195;13;504;496;74;410;192;4;0;7;434;52;288;152;573;386;379;218;374;169;101;279;274;44;325;347;382;475;64;341;507;361;359;289;127;194;346;161;162;40;566;59;342;267;80
289:501;4;386;53;346;385;354;513;207;200;326;279;500;80;504;405;167;52
290:385;279;433;101;200;231;309;195;410;52;272;4;561;167;80;259;504;341;89;560;445;402;427;142;521;411;382;207;314;278;274;161;511;184;119;346;152;234;187;324;160;386
291:195;385;52;504;77;80;200;410;163;279;119;360
292:547;385;388;153;558;167;52;162;200;309
293:185
294:385;52;336;84;167;93;309;200;4;504;152;195;565;419;344;210;78;388;386;341;161;187;558;528;101;392
295:52;195;4;200;167;309;101;24;134;41;149;119;341;410;161;385;419;395
296:388;385;104;13;167;52;280;230;421;127;284;341;200;571;410;363;558;262;424;444;366;101
297:528;427;152;195;4;385;52;101;200;309;167;217;558;386;304;479
298:195;410;200;167;386;4;52;326;385;360;504;550;14;101;12;560;272;80;309;298;341;17;427;53;253;570;356;48;9;517;288;108;331;266;104;305;228;411;306;471;40;152;273;421;355;155;394;0;217;13;163;382;395;446;528;323;136;279;388;425;237;563;184;60;59;238;207;38;280;156;206;133;197;126;332;496;129;316;507;187;523;171;304;24;74;158;555;513;497
299:52;167;195;503;13;200;386;299;410;529;309;101;427;385;204;127;341;504;60;274;98;78;302;501;543;172;29;41;97;7;57;279;388;211;342;162;419;268;104;0;395;525;528;490;435;12;69;16;460;14;134;163;305;80;152;355
300:388;195;385;52;167;410;309;4;501;200;504;7;386
301:195;167;410;200;52;385;421;207;346;543
302:309;52;410;361;200;504;427;195;347;385;399;167;274;4;169;64;460;501
303:274;385;200;167;52;195;444;116;243
304:504;52;309;152;528;200;195;410;341;474;167;4;80;297;143;427;207;386;385;421;288;566;41;230;24;388;187;134;13;53;12
305:101;385;152;77;52;167;419;200;504;309;195;165;73;410;341;424;470;12;386;4;558;427;231;113;161;529;15;0;83;162;53;78;253;163;14;322;13;230;59;388;118;513;41;299;530;389;64;460
306:4;52;207;195;167;309;162;427;350;200;385;464;110;101;341;279;386;74;148;410;59;504;191;529;223;285;161
307:385;200;309;161;195;52;410;167;480;14;0;341;3;525;7;386;127;122;171;152;504;162;101;131;59;505;488;51;80
308:52;322;195;385;525;386;341;200;346;309;134;59;352;424
309:195;167;385;272;52;410;309;419;200;558;504;132;427;484;529;118;105;13;424;386;341;342;24;59;356;165;51;156;299;268;101;14;351;134;318;4;236;346;528;298;388;306;33;439;7;201;482;542;192;494;288;0;207;191;19;162;158;197;525;253;324;262;571;72;305;152;87;476;574;61;513;384;230;501;450;347;187;444;400;12;460;421;237;64;325;127;8;204;135;279;382;321;122;70;507;274;395;210;198;420;113;543;412;511;16;161;396;82;435;367;526;90;430;561;266;104;41;243;172;314;488;478;137;261;512;428;80;389;106;573;301;331;216;53;323;354;282;550;67;149;459;284;545;240;212;471;244;126;357;239;231;549;487;34;129;496;560;322;163;84;363;9;10;66;316;475;180;153;193;547;209;275;143;402;390;287;448;178;169;479;234;348;259;514;160;307;176;361;365;228;566;183;111;83;189;374;485;220;352;375;144;60;171;184;404;258;57;174;368;29;257;250;510;499;570;117;296;432;238;308;97;223;69;1;280;405;248;142;73;362;455;141;491;498;530;398;423;463;254;466;493;310;65;366;222;6;166;416;359;26;54;78;521;229;119;15;467;120;95;74;302;175;449;417;295;326;336;267;265;224;458;300;39;93;464;233;350;22;490;110;45;164;21;290;345;155;56;185;505;85;31;474;3;434;555;483;453;329;283;411;447;225;131;508;123;30;403;179;355;564;40;554;154;369;480;379;112;35;252;407;415;38;89;344;563;380;406;103;378;214;518;552;2;340;107;148;182;219;327;506;58;91;565;218;468;376;18;71;77;281;445;276;371;109;454;553;293;47;537;544;392;190;317;55;328;422;194;304;360;205;151;286;211;94;23;28;235;278;312;401;273;297;470;130;128;44;569;125;42;373;481;337;5;208;170;270;524;75;497;157;559;215;43;437
310:187;167;13;309;385;341;52;200;410;528;4;41;195;386;80;283;10;152
311:341;167;200;152;195;156;309;162;504;52;385;427
312:385;152;52;198;195;64;309;427;136;167;7;200;101;374;444;4;410;341
313:195;200;7;52;385;427;503;309;167;410;212;268;101
314:167;195;464;570;385;573;324;52;29;200;309;427;71;504;410;229;7;230;60;4;104;341;279;11;59;119;184;400;237;101;382;152;13;49;41;386;528
315:52;77;382;4;314;200;385;341;167;386;135;163;309;195;529;360;410;212;101;504;10;268;201;290;81;278
316:386;385;200;410;52;471;504;195;167;395;558;4;101;162;122;570;309;274;165;13;382;427;341;41;331;152;412
317:195;52;167;274;341;385;504;427;187;560;200;309;337;386
318:385;195;52;200;125;471;386;427
319:410;398;152;52;87;558;385;195;341;200;167;386;61;427
320:167;385;13;504;200;346;259;52;22;195;430;386;309;104;341;427;500
321:386;195;4;200;167;385;161;104;201;151;52;341;152;455;141;80;14;40;388;274;504;17;558;279;410;39;53;427;101;529;109;56;185;309;496;218;119;560;323;160;55;120;481;299;24;72
322:167;331;164;195;388;200;52;13;385;504;162;171;183;410;380;342;341;101;309;152;4;163;386;424;201;56;33;444;322;225;59;419;253;266;244;24;134;12;250;350
323:385;427;195;152;14;167;200;133;52;160;4;341;386;244;342;410;101;309;346;13;288;388;504;283;253;155;310;421;558;146;24;231;162;402;80;467;116;548;321;382;274;460;53;482;7;2;560;529;198
324:167;24;59;200;201;195;504;309;52;385;488;152;13;60;161;296;388;410;513;118;101;386;212;83;419;566;342;341;427;127;204;124;131;558;61;265;529;307;122;287;314;499;355;164;324;29;237;400;128;382;135;134;507;347;279;263;207;345;526;346;290;187;37
325:200;558;152;195;309;183;385;341;410;396;223;167;52;501;525;142;427;307;158;386;74;274;4;393;504;101;93;516;198;496;549;475;104;399;382;488;40
326:80;540;386;487;4;195;167;504;411;279;388;136;570;385;410;309;550;52;341;528;200;53;152;101;469;156;253;184;40;128;444;402;467;6;560;17;326;217;34;289;373;233;56;405
327:152;385;309;200;167;195;52;526;410;80;360;276;259;482;41
328:52;385;13;398;167;309;386;85;410;444;201;195;428;80;200;274;427;419
329:52;200;385;163;410;13;458;515;167;386;309;101;195;288;482;158;82;104;201;60;4;191;7;141;501;341;403;38
330:395;195;371;284;200;167;127;504;13;341;529;41
331:152;52;307;195;309;200;167;0;385;427;342;176;4;386;341;410;293;525;7;101;275;104;444;13;528;504;379;428;434;297;162;60;191;396;132;543;529;316;419;510;388;45;331;463;59;14;380;279;244;165;559;80;549;526;287;24;201;53;274;468
332:167;200;195;12;371;279;386;410;341;101;70;385;67;24;201;52;352;230;309;504;152;499;59;342;244;427;529;421;419
333:195;309;402;52;385;321;382;111;200;360;410;529;167
334:195;52;200;419;309;388;427;167;385;231;4;410
335:299;167;444;277;424;13;410;195;7;200;24;52;504;57;386;385;427;59;309;187;14;44;91
336:507;200;195;167;13;274;52;444;309;385;410;529;504;427;341;8;0;24;134;127;530;101;386
337:385;101;14;167;195;341;284;504;200;4;309;410;52;152;41;272;279;136;305;165;528;550;201
338:410;195;385;4;504
339:83;52;200;279;4;299;195
340:153;195;385;167;4;200;309;410;314;52;529;504;462;427;328;558;346;279;13;61;59;528;82;231;470;342;438;362;388
341:200;195;427;52;13;386;385;309;70;419;410;444;167;341;445;152;278;187;504;101;64;491;324;475;400;528;53;201;149;342;7;4;283;80;41;424;14;51;482;130;483;228;61;143;298;60;305;356;479;496;223;17;279;513;348;159;230;5;525;458;500;158;552;269;561;361;191;314;570;566;132;107;421;0;11;40;85;346;270;219;156;111;560;127;72;59;388;395;262;511;467;160;543;494;300;457;412;250;390;162;337;265;104;198;285;415;15;474;30;382;12;93;161;530;441;485;89;164;360;253;403;529;62;259;502;488;471;549;131;463;56;69;16;515;505;435;526;490;381;379;212;362;542;268;299;501;290;113;558;2;344;316;207;112;481;239;87;357;78;306;208;380;229;266;176;307;10;204;313;556;375;272;122;350;261;57;453;514;284;282;535;119;336;244;83;209;288;252;428;448;573;88;540;106;389;126;559;91;434;255;489;136;142;163;405;480;276;326;94;6;165;243;433;371;327;1;35;373;274;374;217;82;192;396;171;572;9;534;516;295;180;533;430;235;254;331;393;134;323;218;406;275;68;286;224;366;141;571;24;287;153;205;281;92;322;84;241;77;321;541;442;54;169;407;503;355;460;347;37;550;325;425;231;21;432;422;257;33;214;8
342:419;386;309;167;388;385;504;200;162;410;242;195;529;60;424;52;9;274;152;141;66;279;564;574;340;558;124;224;322;398;24;13;101;471;305;427;14;288;4;149;356;0;7;230;244;380;83;257;400;314;341
343:528;52;309;200;322;195;266;4;386;26;384;101;410
344:200;395;309;52;385;388;410;305;356;195
345:400;558;410;52;200;385;140;504;23;120;309;4;167;195;13;347;237;119;471;279;80;254;341;485;160;427;386
346:560;504;410;200;386;52;309;434;7;167;195;385;4;149;238;60;403;496;299;528;104;279;381;444;490;559;0;53;13;541;511;101;305;308;12;427;258;129;73;388;341;164;165;356;142;566;471;510;114;288;153;342;421;82;283;41;419;51;122;558;152;230;395;171;274;161;174;259;201;65;57;8;290;400;218;80;262;190;366;84;254;363;225
347:104;507;200;504;167;101;444;13;4;52;386;279;184;127;543;309;528;341;385;274;421;195;64;382;201;288;412;112;410;419;213;427;262;558;561;60;488;19;122
348:385;195;167;52;410;504;200;432;149;386;14;41;59;427;101;444;309;0;7
349:52;195;385;309
350:74;385;395;386;309;244;195;167;4;200;52;101;341;361;207;342
351:305;388;14;195;309;360;200;163;52;382;395;385;167;80
352:309;385;52;410;200;571;167;366;386;213;444;419;195;127;326;424;12;427;13;395;504;101;331;119;208;332;89;560;341;279;14;475;468;207;4
353:156;385;52;167;558;200;341;104
354:195;200;52;273;53;309;471;80;385;163;14;230;167;34
355:195;386;200;279;385;52;309;240;158;415;410;566;483;528;504;61;395;7;197;561;427;167;274;207;342;253;10;13;41;35;205;168;555;421;231;346;146;64;80;101;388;4;73;560;135;548;456;204;503
356:504;385;280;52;386;410;0;167;195;341;200;528;309;427;274;9;13;314;24;104;59;141;549;149;101;496;4;395;7;558;388;126;346;529;207;474;479
357:59;200;385;108;104;52;167;309;195;424;172;504;217;410;162;279;13;388
358:200;167;52;195;385;309;386;410;283;101;13;59
359:52;385;309;13;195;200;405;410;0;504;395;4;513;152;482;307
360:52;167;341;385;195;4;309;16;59;427;505;12;528;200;526;0;386;410;185;13;534;351;305;161;299;152;388;77;165;80;164;419;101;378;558;513;288;231;7;66;82;113;530;382;395;279;504;78;360;134;230;201;346;345;119;184;444;291;128;400;14;507;40;447;104;421;75;210;143;471;306;450;424;525;17;53;163;321;325;344;436;442;9;10;283;568;65;322;244;29;227;511;48;561;51
361:200;64;167;52;385;389;460;195;444;309;410;4;243;386;314;7;9;70;424;101;158;160;210;187;13;201;224;480;478;59;16;253;504;230
362:52;195;200;167;385;309;410;386;115;398;421;388;162;13;341;504;427;272;101;529;424;35;542;10;561;51;4
363:281;504;52;200;385;309;195;167;13;410;386;444;59;12;363;120;101;165;187;85;163;19;172;419;57;362;346;424;478;258;366
364:53;52;385;309;4;195;200;410;167
365:7;410;156;200;52;26;167;385;195;101;309;368;464
366:200;167;195;410;385;444;52;309;7;419;354;398;424;388;101;558
367:167;474;385;52;195;200;386;24;502;491;309;354;444;505;187;59;410;13;0;101
368:167;52;29;558;410;200;385;309;504;51;197;4;324;195;152;122;212;83;529;419;314;160;13
369:307;410;195;207;200;167;386;52;309;4;385;10;24;510;529;375;350;525;279
370:199;167;385;52;200;195;309;504
371:167;200;385;195;309;52;201;386;101;410;55;59;7;225;65;13;424;39;491;341;539;127;107;444;504;345;299;514;24;152;41;335;427;395;119;282
372:309;0;167;195;504;360;104;12;501;207;200;52;14
373:0;200;410;195;259;561;385;167;427;7;309;52;361;513;261;386;450
374:551;101;341;26;200;385;4;122;167;177;52;195;309;410;212;558;160;421;161;314;324;406;437;29;427;389;64;460;243
375:195;410;101;309;167;385;52;200;14;341;244;164;504;529;7;162;384
376:195;52;341;410;167;425;132;504;385;514;386;24;420;294;309;427;252
377:167;504;0;200;513;410;52;385;59;525;309;471;195;7
378:274;167;195;309;504;427;386;85;13;342;165;385;200;279;500;395;52;141
379:341;200;513;385;195;479;167;161;410;52;309;386;274;388;528;298;504;516;305;382;14;331;101;279
380:167;195;200;309;52;385;410;427;409;307;419;266;229;322;386;253
381:167;529;200;52;491;410;195;385;348;309;41;386;201;61;479;341;346;528;101
382:52;467;195;309;200;160;529;167;385;243;410;506;274;116;4;402;101;444;172;341;7;504;280;325;64;152;389;187;427;563;382;295;14;326;342;212;386;127;104;13;388;230;2;419;113;279;257;53;37;165;412;560;40;361;558;511;428;356;161;445;476;494;406;254;262;314;218;184;290;158;507;510;298;132;80;392;0;51;446;34;395;528;498;81;135;471;360
383:191;309;200;52;13;386;167;4;529;348;427;504
384:385;309;200;52;419;341;322;410;152;529;167;386;195;504;355;101;262;0;427;59
385:52;200;167;195;60;410;503;386;385;309;13;427;112;212;156;10;238;59;7;41;428;560;529;79;504;430;97;341;0;479;552;150;149;152;528;74;483;361;4;444;244;14;558;388;549;207;488;389;198;101;419;104;301;433;165;225;224;126;316;174;259;35;127;395;326;163;53;356;305;382;360;505;274;269;526;450;24;299;279;327;290;231;337;80;57;344;40;230;342;208;510;164;324;122;307;172;314;162;148;250;134;355;491;201;321;217;346;514;272;141;89;445;51;87;25;331;38;396;496;205;261;211;424;283;176;243;161;12;262;405;566;400;435;466;571;256;29;204;313;500;276;48;359;513;501;398;19;493;64;197;439;26;171;216;421;332;295;209;187;391;280;9;66;310;43;304;82;84;471;65;393;180;107;362;268;456;542;464;482;494;380;463;412;253;266;68;254;132;158;490;143;21;288;275;2;223;218;191;559;159;502;367;392;351;54;98;287;78;300;323;402;251;561;277;83;375;547;85;363;442;452;415;206;240;364;183;71;550;55;457;525;160;374;258;403;306;543;336;267;45;50;348;574;515;420;93;237;507;519;151;506;454;106;23;475;111;228;467;286;459;235;37;77;178;119;383;476;460;347;278;236;72;33;322;343;357;226;34;94;369;229;478;289;135;345;246;521;406;90;354;137;416;537;39;455;15;110;184;285;69;70;352;282;530;61;56;185;441;508;371;257;540;252;6;544;432;169;192;139;11;499;511;214;486;234;368;219;434;325;281;533;451;210;284;31;16;20;350;118;437;573;379;474;512;168;8;75;480;570;142;109;366;302;189;190;453;62;95;458;273;46;564;317;44;129;113;241;154;116;443;320;517;239;484;76;1;47;213;296;373;399;155;153;115;194;448;222;298;538;358;49;407;534;245;554;485;73;422;227;417;120;481;177;215;536;157;81;193;3;308;390;568;105;541;535;294;565;473;297;232;265;555;271;179;131;470;446;436;312;329;67;147;124;553;88;423;492;409;381;22;377;531;123;92;447;303;461;146;414;242;202;378;144;556;404;175;532;394;128;114;497;563;365;86;18;117;524;340;328;468;376;516;335;411;330;58;96;247;103;260
386:167;564;385;200;195;52;65;496;386;309;14;558;388;410;341;490;505;59;155;525;382;480;458;56;163;185;560;101;356;64;444;275;134;287;207;7;504;307;427;211;35;362;8;41;10;250;13;4;80;452;551;122;142;485;367;288;0;230;137;421;433;198;135;201;274;6;326;419;94;104;53;279;439;566;464;253;78;389;460;243;152;70;187;280;501;424;526;305;395;44;257;92;72;299;342;60;321;568;262;172;141;261;51;205;162;488;467;371;244;316;93;161;456;9;260;513;90;528;15;209;143;529;482;192;327;415;223;354;398;66;165;40;82;515;355;85;11;430;323;486;160;468;511;412;24;445;119;67;150;272;396;126;61;224;561;29;286;466;347;481;109;363;494;313;107;106;549;5;471;434;379;325;360;277;538;491;405;34;357;127;242;239;559;164;324;149;295;366;97;73;174;359;191;306;314;414;499;12;479;197;238;38;222;212;208;422;447;158;269;570;453;131;298;74;151;58;26;281;420;400;1;31;171;16;435;89;176;111;346;402;283;184;475;463;228;276;571;19;117;156;226;478;573;552;282;266;268;130;236;95;218;54;237;361;300;206;229;57;47;84;37;563;550;254;403;474;449;290;225;77;284;376;352;204;188;153;43;547;358;232;514;278;322;542;448;213;441;219;368;530;333;436;416;455;252;231
387:385;386;309;504;52;200;195;558;167;395;341;410;187;218;224;321;0;463;152
388:167;195;52;410;309;101;200;395;385;307;207;386;305;427;501;346;259;528;345;419;341;212;4;165;119;521;504;560;347;529;9;126;274;388;262;162;80;283;558;421;13;231;12;402;288;239;244;0;445;24;377;480;187;14;127;44;152;169;6;35;299;104;417;290;230;284;70;67;424;295;527;198;201;433;209;511;279;7;41;149;2;393;242;59;342;258;161;146;304;254;33;197;572;223;172;251;314;550;412;60;360;134;355;356;135;272;113;507;224;141;10;478;566;357;151;253;236;573;83;191;160;25;164;382;420;89;23;298;129;549;552;71;163;280;51;57;8;56;205;211;261;488
389:40;80;309;167;4;566;385;355;200;513;410;228;386;298;52;288;106;195;326;127;374;341;44;427;560;184;59;113;53;101;528;183;346;486
390:52;4;431;53;80;410
391:167;195;504;13;200;528;385;135;52;361;309;201;187;101;284;4;558;253;410;386;37;341;104
392:410;163;14;52;356;195;305;385;388;341;200
393:410;164;385;200;52;309;195;305;167;419;101;198;341;287;325;279;427;152;565;93;161;504;560;388;386;299;205;0;4;156;80;104;250;148;154
394:195;167;528;504;200;52;14;53;385;341;544;432
395:504;200;195;52;386;341;385;410;427;167;279;309;41;566;230;13;283;448;209;54;4;7;101;126;201;224;172;360;558;560;59;60;238;222;205;528;132;338;424;162;492;421;505;82;471;434;40;141;480;85;395;152;322;163;274;89;65;529;227;84;8;24;439;223;14;453;388;380;419;299;0;161;346;244;543;142;73;389;460;64;374;207;289;53;513;501;158;122;169;127;444;464;81;563;212;255;313;542;355;485;83;307;10;250;261;253;457;55;249;555;356;74;447;288;298;428;488;406;219;402;131;57;526;268;468;272;51;31;12;16;525;311;326;106;259;430;507;511;237;248;165;284;176;398;481;148;257;133;314;184;521;134;305;9;32;160;120;37;119;252;573;177;324;229
396:116;385;167;52;382;195;309;4;274;13;200;243;41;506;194;386;457;97;207;410;329;504;427;7;12;432;354;101;341;544;560;59;78;152;171;127
397:341;195;322;309;52;13;4;82;101;167;279;261
398:52;200;195;167;309;385;230;13;152;410;419;388;529;386;341;314
399:504;385;309;14;200;52;152;374;444;195;421;187;386;169;410;167;341;427;347;274;382
400:167;385;16;341;200;52;410;195;309;458;279;59;386;82;212;526;505;529;500;70;13;342;101;18;444;49;80;558;1
401:184;52;309;167;152;200;385;410;195;341;386;504;44;543
402:195;167;504;200;410;388;4;419;482;80;385;386;309;25;421;52;109;165;325;13;558;427;323;146;83;528;152;288;283;548;346;341;7;53;274;253;112;104;59;39;118;40;134;444
403:104;195;386;200;156;309;341;41;52;167;306;385;11;410;528;288;152;4;504
404:167;341;550;385;195;200;52;504;445;514;101;410;272
405:52;167;386;504;410;385;200;419;195;82;427;309;95;496;80;326;53;0;104;4;341;94;505
406:385;195;200;52;71;167;101;265;395;309;410;60;419;525;363;247;29;352;161;13;33;504;386;134;558;187;72;279;104;341;427
407:16;200;69;195;525;52;435;26;427;529;167;385;341;309;59;127;0;410;386;505
408:167;242;200;427;195;385;279;274;298;504
409:230;80;52;195;167;200;309;122
410:410;200;167;388;52;309;195;187;385;419;395;341;13;342;504;444;424;513;386;201;111;152;7;231;4;101;357;312;288;310;428;427;224;41;162;122;161;560;496;244;314;529;127;528;51;362;113;57;143;10;266;272;525;24;346;65;47;305;14;382;165;344;360;106;325;164;80;456;112;299;207;212;211;566;505;40;458;239;501;461;274;37;279;323;471;141;459;0;8;19;156;506;490;558;478;124;574;468;283;381;322;132;257;236;261;179;421;223;228;140;306;158;61;234;9;104;511;412;510;393;184;6;119;81;18;3;361;488;351;26;182;31;230;426;92;290;25;336;33;550;134;542;526;229;276;280;530;62;348;262;464;128;497;281;205;253;372;491;267;70;142;222;59;238;60;71;356;559;126;171;482;335;254;215;83;137;332;191;430;554;12;552;15;378;123;107;355;392;243;218;473;55;507;169;172;84;163;371;87;402;82;64;176;400;278;479;432;396;544;97;136;198;268;155;519;260;409;439;481;76;414;148;298;149;118;359;54;269;11;150;287;284;514;110;160;563;420;425;331;417;129;53;324;570;374;347;460;78;282;250;308;174;352;185;89;209;377;380;547;350;422;307;219;216;448;573;208;457;434;354;494;549;436;415;38;192;74;512;1;411;45;379;540;553;264;77;96;499;561;477;233;485;375;376;337;300;258;125;275;2;21;217;178;85;363;256;366;389;367;93;433;210;551;368;564;407;555;270;168;66;373;474;154;302;153;259;109;438;469;16;131;183;90;194;405;326;517;296;242;115;157;116;476;453;43;44;135;315;447;120;403;249;397;34;193;455;398;571;502;138;246;454;235;441;42;316;301;203;213;493;532;190;35;94
411:52;385;195;167;360;200;60;10;104;309;306;478;504;67;119;433;410;180;24;4;427;287;279
412:386;309;195;200;385;341;52;167;491;163;152;13;319;388;410;286;363;143;274;463;0;101;53;504;162;427;305;7;279;4;73;503;299;51
413:104;200;309;371;167;195;360;41;25;385;152;341;101;52;272;330;127;7;4;412;230;549
414:4;261;281;386;385;195;542;309;104;167;529;200;212;52;427;331;209;388;283;13;410;361
415:158;200;410;195;504;385;52;0;483;167;143;309;171
416:200;385;309;386;167;52;195
417:388;309;52;152;200;427;504;13;371;167;529;272;395;411;385;195;341;386;410;149
418:339;410;560;167;195;385;127;309;504;2;200;4;305;13;563;9
419:309;504;167;195;385;52;200;7;464;274;386;10;424;453;525;419;369;410;350;13;427;529;4;558;354;300;514;101;388;212;553;104;164;41;560;395;570;161;332;341;573;396;432;528;415;421;141;97;544;59;282;119;290;149;201;70;549;252;253;471;0;38;261;174;295;342;187;444;24;207;14;533;234;530;122;306;228;265;272;148;324;230;250;287;316;539;322;33;368;279;513;127;359;346;531;299;500;82;398;566;256;526;268;152;67;65;362;284;371;198;439;307;510;197;57;479;374;491;305;345;135;218;165;511;400;51;204;244;80;78;473;360;246;433;160;314;547;266;323;120;278;134;23
420:167;341;200;395;410;309;385;274;230;195;373;4;52;405;386;427;331;7;252;279;165;305;24;101;51;436;156;78;388;424
421:167;200;52;410;127;473;195;244;386;504;385;7;419;89;341;309;282;152;279;101;529;12;501;395;135;507;184;361;347;299;374;172;55;274;427;44;85;0;143;38;41;223;528;354;4;406;511;250;107;131;154;323;308;566;388;558;283;346;231;402;404;362;13;82;288;336;162;261;525;460;389;14
422:167;162;200;331;410;309;143;385;195;66;52;560;101;529;60;59;222;152;14;191
423:257;52;200;385;298;167;195;309;504
424:200;386;514;52;388;341;195;70;309;410;385;371;395;167;504;101;161;60;132;257;127;288;356;244;152;0;471;501;474;566;104;529;306;348;479;158;41;248;525;362;7;13;424;72;444;299;342;258;259;59;118;491;346;134;427;165;187;162;250;419;485;61;324;197;505;163;155;185;56;490;482;24;357;239;262;493;157;322;8;57;558;87;33;230;4;205;10;573;211;51;488;9;261;448;65;363;366;122;560;486;528;203;305;352;89;294;201
425:504;385;386;195;427;13;200;101;52;167;36;341;41;388;208;309
426:101;200;410;309;9;52;279;385;444;195;167;13;560;321
427:52;195;53;167;388;385;101;43;421;152;200;162;386;493;427;356;410;134;165;141;444;305;87;341;287;309;57;10;7;41;299;529;504;566;127;14;211;526;216;158;395;360;400;243;4;80;558;279;325;483;104;415;528;570;561;257;253;419;129;511;433;2;73;230;244;525;0;31;16;8;307;148;24;59;51;324;389;44;187;382;424;124;231;345;132;361;140;331;460;284;265;67;336;149;13;373;94;281;326;480;405;354;91;112;107;122;219;164;161;316;78;267;412;60;191;12;298;183;135;564;82;84;171;69;474;491;442;510;106;488;347;432;479;56;435;163;407;501;304;306;215;342;154;174;346;72;371;571;252;393;428;505;430;268;207;549;261;225;530;565;302;507;155;9;61;239;503;204;26;19;471;334;398;156;411;573;513;240;344;378;290;237;401;280;37;352;29;466;227;517;143;77;560;97;396;6;544;300;274;126;559;217;314;310;519;468;151;350;551;485;323;329;434;172;514;445;89;420;563;494;199;362;212;223;150;422;153;523;201;295;250;111;380;176;276;490;173;259;275;144;436;496;160;366;459;402;524;492;205;272;35;184;93;198;425;54;262;332;64;23;224;66;142;120;283;543;185;180;447;3;470;550;540;553;169;374;83;288;464;116;238
428:385;13;195;200;167;52;7;427;504;435;309;4;410;558;0;513;395;274;101;386;174;373;421;182;231;528
429:101;385;167;309;195;52;386;410;122;200;363;262
430:385;52;309;200;195;236;274;21;167;428;504;410;104;427;500;261;13;207;4;482;279
431:167;385;4;200;7;410;223;432;421;40;195;419;52;41;152;191;513;389;309;386;104
432:166;52;13;167;529;223;200;410;504;396;195;97;427;272;10;501;385;560;62;4;348;479
433:385;200;195;7;356;427;167;284;410;52;201;386;309;388;67;341;41;126;360;180;504
434:513;195;200;52;385;386;201;167;309;410;152;161;504;101;341;13;14;573
435:167;309;52;16;526;200;385;341;427;410;26;450;12;528;195;13;505;480
436:200;427;195;52;385;388;331;163;167;309;341;25;410;101;4;530;386;279
437:279;152;200;52;195;167;4;385;101;74;207
438:385;52;200;124;195;167;386;388;341;504;274;7
439:309;200;385;167;386;299;195;52;122;207;13;212;230;342;419;453;54;464;341;410;307;279;388;250;171;504;274;152;164;528;0
440:167;385;53;309;386;52;162;410;200;341;463;307;414
441:305;385;410;4;356;195;388;309;52;360;14
442:52;195;101;386;200;385;167;503;427;354;452;7;529;410;1;309;162;388;4;272;528
443:195;560;80;385;94
444:167;322;200;66;52;195;550;57;254;410;309;101;258;363;7;385;386;187;152;53;163;41;388;460;444;389;243;64;80;4;161;551;525;306;367;341;395;356;528;162;29;24;307;529;419;504;561;185;12;560;155;56;82;8;480;427;432;422;0;297;171;544;396;257;207;400;14;314;305;134;141;225
445:200;101;427;195;52;230;167;29;466;4;385;528;558;14;309;410;504;480;566;0;127;13;341;550;514;165;386;51;284;119;388;152
446:195;309;167;52;101;341;385;200;165;305;436;279;388
447:200;195;415;52;386;167;309;24;152;385;410;504;7;525;192;0;360;482;501
448:410;41;195;309;80;163;427;385;212;395;526;52;424;57;167;200;56;362;513;13;104;341;388;419;4;106;66;59
449:167;52;195;385;529;341;101;496;200;309;467;237;169;504;419
450:200;4;167;528;309;385;195;0;17;525;427;360;16;435;187;152;444;504;174;424;488;52;341;410;529;288;207
451:52;200;386;215;528;13;195;126
452:13;52;7;167;385;427;104;80;405;326;195;309;386;12;200;4;34;53;341;94
453:200;167;385;195;13;52;197;7;342;309;341;547;4;504;395;419;410;12;165;59;222;101;60
454:52;167;4;309;341;165;141;385;200;195;504;113;80;161;279;410;48;230;267;283;210;491;152;427;14
455:165;52;385;195;504;200;388;13;167;386;309;10;258;410;321;529
456:385;167;200;309;195;52;504;4;13;566;505;41;212;526;410;341;279;127;386;163;307
457:52;200;195;385;97;41;4;167;309;13
458:504;167;200;385;427;52;434;309;195;386;245;59;529;13;139;566;201;410;341;400;480
459:134;309;200;550;410;52;167;504;195;386;385;529;101;336;427;444;141;558;4;13;346;0;172;360;388;369;396;307;419;279;305
460:101;386;309;167;127;385;361;200;274;195;60;64;421;52;279;341;501;427;444;288;410;491
461:481;385;444;195;279;161;309;167;118;200;52;386;504;395;410;427;465
462:309;13;162;388
463:52;395;385;200;195;412;309;0;167;152;101
464:200;385;52;167;419;101;122;406;386;152;309;195;410;427;250;171;558;4;504;41;160;342;499;439;161;13;529;323;306;395;314
465:195;309;80;167;52;382;354;427;410;504;306;200;240;360;298;386;385;471;377
466:163;200;167;101;309;385;52;528;195;13;14;410;424;4;427
467:200;386;167;410;309;385;52;419;427;382;195;4;274;13;201;398;342
468:231;162;200;52;309;195;385;388;4;9;167;566;492;80;410;386;494;283;530;41;526;279;395;299;101;504;205;341;60;155;427;328;421;455;59;66;83;305;13;342;419;482;14;523;104;560;12;424;201;89;411;93
469:433;4;200;309;410;550;388;54;385;326;52;411;113;7;70;80;167;53;507;40;570;400;195;444;158;323;345;382;13;427
470:385;195;309;386;52;211;410;13;167;200;4;362;10
471:200;410;167;195;52;309;386;385;341;161;244;110;388;187;525;435;201;526;427;505;174;13;504;126;279;101;307;51;367;490;152;8;0;104;14;38;395;7;59;507;111;549;346;371;342;106;333;420;446;360;306;60;483;217;4;558;274;314;419;172;288;41;550;84;213;92;366;80;560;70;153;18;10;400;444;345;243;511;541
472:167;200;195;385;148;7;382;4;309;560;374;29;410;279;32;368;212;52
473:309;200;195;52;305;385;410;279;331;201;167;386;504;78;419;13;341;14
474:504;167;195;52;385;386;200;13;152;0;309;240;356;304;298;324;210;207;244;505;60;482
475:200;385;37;40;52;152;412;4;195;421;287;436;314;309;189;167;444;14;254;558;29;341;283;410
476:68;200;262;395;52;385;279;13;167;504;134;410;388;195;342;309;118;558;427;9;4;324
477:167;504;52;200;101;385;529;195;309;410;427;40;79;386
478:195;309;101;41;73;341;385;167;200;52;253;410;504;152;346;427;104;59;171;4;411;215;360;13;334;398;421;162;12;386;558;286;124;388;61;274;206;279;438;513;405;0;452;174;230;307
479:52;428;200;525;513;385;167;299;309;195;13;566;386;419;0;60;573;4;59;410;21;161;504;507;119;243;152;127;400;430;295;529;427;40;101;283;143;74;163;341;444;41;424;201;285;432;7
480:504;385;185;410;0;427;309;195;386;82;52;200;528;167;395;12;4;491;341;187;444
481:326;200;195;405;356;219;4;341;566;104;385;152;167;386;309;53;80;41;558;226;52;68;321;560;59;504;427;172;64
482:386;52;195;331;200;400;167;309;504;427;82;288;385;327;424;410;26;31;479;80;228;560;10;59;379;341;4;206;447;566;152;150;217;104;64;419;230;60;40;191;53;21;511;361;198;326;164;558;529;7;46;496;253;346;161;256;187;17;121;122;432;525;240;474;0;428
483:41;195;385;80;52
484:163;52;8;427;195;0;386;200;313;309;385;410;167
485:52;299;385;470;309;388;200;212;107;4;195;410;395;386;266;167;14;274;279;419;101;504;427;558;382;303;80;13;424;257;314;229;324;350;525;307;122;369;253;486;529;60;396;12
486:133;156;200;48;53;4;309;13;386;385;341;214;528;80;560;324;424;195;206;570
487:187;52;195;385;200;309;143;504;104;152;167;427;126;441;459;356;93;305
488:491;200;195;427;410;167;52;385;4;504;386;341;0;80;309;529;496;360;482;424;464;279;530;13;101;526;362;322;207;51;261;134;388;314;10;112;471;152;444;141;244;184;382;37;254;366;528;395;8;122;231
489:40;52;385;309;427;386;410;341;172;475;200;167;195;152;4
490:52;314;167;200;341;385;525;427;386;195;231;504;31;346;13;162;7;299;8;444;0;309;236
491:385;52;167;504;410;156;352;200;78;195;210;4;341;309;454;207;25;101;142;41;331;82;480;526;386;187;191;525;0;424;529;367;505;388;104;162;560;152;24;13;528;158;415;412;72;397;346;14;494;59;40;66;328;470;468;279;7;55;382;60;460;135;324;274;305;354;374;37;444;467
492:13;272;200;56;167;205;4;211;261;386;410;385;195;501;427
493:410;167;52;13;385;195;309;7;529;346;4;254;283;281;101;424;504;242;455
494:386;52;195;410;167;385;200;4;300;354;341;468;309;104;566;148;279;35;504;101
495:385;504;200;346;195;410;24;167;52;13;104;427;230;388;41;205;309;279;497;101;51;268
496:52;200;385;195;341;427;309;101;35;167;13;424;528;256;0;72;152;410;60;262;386;283;288;388;444;4;115;324;296;59;331;287;174;482;403;559;360;564;279;322;517;558;7;51;57;272;161;230;459;244;135;382;6;45;208;160;212;449;207;405;531;289;500;430;395;468;525;504;357;224;61;266;110;80;479;191;74;79;501;201;396;38;325;346;348;419;62
497:544;200;195;167;299;385;410;566;504;221;52;388;10;309;395;101;268;41;57;80;346
498:385;152
499:200;309;22;385;167;430;346;386;52;195;529;13;395;410;504;442;341;60;7
500:167;385;261;427;4;48;200;52;195;176;395;513;504;320;405
501:52;167;385;7;131;195;57;33;504;200;388;410;309;558;419;162;61;362;59;13;386
502:152;386;52;200;309;167;110;504;385;127;341
503:167;7;195;380;101;419;456;385;52;132;127;13;388;309;427;362;386;553;200
504:200;385;410;52;195;167;101;59;201;309;13;432;504;341;525;0;386;149;529;419;4;331;7;510;388;570;141;165;412;427;84;107;550;279;444;53;251;60;104;106;357;227;135;526;360;345;346;114;122;172;162;314;242;41;80;400;236;334;73;392;294;34;209;93;298;382;14;161;244;511;424;160;229;275;287;482;405;223;274;207;307;542;268;299;342;185;56;94;380;111;455;10;558;82;259;480;375;395;326;491;54;515;163;12;155;31;453;505;154;422;276;110;174;528;230;57;211;488;530;566;127;142;324;290;445;356;180;467;421;278;513;364;97;206;396;238;143;6;544;560;152;573;501;361;379;552;208;38;191;280;9;304;83;198;284;253;158;563;113;119;257;218;184;116;171;479;506;11;150;96;549;243;64;347;507;374;460;389;183;561;265;212;369;95;235;237;462;323;231;267;288;187;325;70;371;67;129;146;351;89;189;442;402;44;164;305;126;51;514;478;283;322;78;153;239;494;55;503;571;36;441;77;302;128;471;204;337;366;72;29;468;496;291;40;2;537;282;261;272;74;45;543;475;120;306;483;134;179;26;3;352;33;8;19;469;439;118;538;498;24;156;175;91;362;499;132;492;430;336;321;464;266;250;148;438;409;176;61;447;15;240;520;477;1;348;559;192;490;228;66;16;463;376;428
505:195;200;341;12;525;167;385;309;52;410;528;13;386;367;31;212;201;504;280;149;16;427;161
506:309;195;385;200;52;382;86;167;4;558;333;504;279;274;262;201;152;80;427;149;11;396;410;346;329
507:302;13;195;309;52;410;504;200;167;152;386;7;385;488;44;274;341;101;118;427;324;396;18;382;23;356;305;4;89;346;388
508:200;385;14;52;410;510;4;274;169;305;167;504;6;382;302;386;195;566;158;309;323
509:309;388;80;162;195
510:200;309;52;101;410;341;195;167;393;388;356;165;344;152;565;385;253;198;504;427;59;223;279;183;12
511:309;279;212;59;385;257;167;200;307;195;52;306;16;573;386;76;427;369;244;421;419;41;504;525;410;341;152;78;161;478;314;7;13;499;571;57;262;360;558;14;164;104;356;129;549;274;4;218;135;243;184;201;396;120;23;290;60;482;467;507;342
512:195;167;200;152;385;52;275;410;427;504;309;341;471;501;61;0;60;191;4
513:41;195;167;309;504;410;385;9;388;386;200;395;52;478;101;322;470;402;85;187;269;58;274;0;528;212;341;59;10;208;474;194;490;458;427;244;419;424;13;273;428;444;61;288;398;110;68;152;66
514:195;52;341;385;200;374;309;64;389;167;460;427;14
515:341;504;309;163;52;385;195;171;410;101;167;161;505;386;480;0;230;200;207;490;59;56;525;7
516:167;78;195;152;4;200;325;410;385;323;279;309;253;77;427;436;412;52;305;386;341;198;60;316
517:200;60;195;385;309;104;13;52;424;279;427;4;366;19;560;101;167
518:167;52;80
519:402;13;309;152;53;52;314;388;41;167;385;94;195;185;427;200;386;80;6;326;405;513;97;56;504;341
520:52;195;200;385;56;167;410
521:427;200;52;410;385;195;558;167;400;341;309;360;346;279;444;345;135;201;504
522:309;52;385;566;195;200;167;386
523:52;385;195;0;167;525;80;299;91;395;410
524:501;385;479;200;41;195;52;167;346;191;528;309;156;341;558;143;504;4
525:122;167;52;207;200;195;570;279;504;385;386;307;350;223;388;244;53;410;104;158;59;560;309;7;479;525;269;141;160;0;297;341;10;13;1;66;82;69;174;427;127;395;430;14
526:152;167;52;386;200;427;385;195;13;163;4;211;410;341;162;207;456;528;299;309;388;488;8;261;101;281;331;41;356;24;324;134;444;505;155;16;161;435;525;185;56
527:200;52;385;386;4;201;195;167
528:53;395;341;200;309;52;195;385;208;262;331;101;410;504;167;307;164;510;427;386;110;152;274;466;558;389;486;4;13;80;7;356;573;60;59;496;306;513;279;104;566;528;321;251;391;436;89;172;444;169;120;349;560;50;360;382;127;162;362;24;501;12;512;354;415;212;143;525;112;51;530;305;141;379;325;253;106;390;230;388;165;323;204;350;570;261;424;236;85;41;11;419;154;265;393;250;2;201;337;287;14;119;191;550;129;480;163;0;176;93;461;547;346;207;126;223;479;115;471;334;37;72;123;488;511;310;401;97;403;74;298;474;396;40;529;437;288;459;299;421;61;359;10;416;445;134;544;432;552
529:139;385;386;195;566;410;200;309;7;167;52;0;289;419;432;504;191;396;127;544;24;38;212;561;13;179;458;96;529;275;101;4;59;60;558;274;288;66;321;40;201;388;438;310;131;261;427;207;152;9;513;243;346;428;493;421;162;134;395;262;368;525;356;560;8;122;84;51;444;92;163;424;322;177;528;29;341;111;161;324;279;160;422;223;329;150;477;209;61;53;250;253;56;185;109;314;344;400;479;342;449;10;547;78;20;83;244;266;448;306;299;164;197;307;360;14;305;41;272;252;114;336;12;165;550;141;193;153;286
530:167;385;558;395;195;10;9;504;234;410;52;513;274;200;309;386;419;127;362;59;553;341;212;526;488;24;41;471;528;12;101;106;279
531:4;386;410;195;101;385;200;428;265
532:504;385;52;195;167;386;200;41;427
533:200;195;52;530;355;167;309;452;188;503;341;385;14
534:195;385;80;427;52;528;309;389;167;560;200;152;4;386;341
535:427;385;52;200;45;167;73;410;101;195;4;309;13;386;459;549;279;341;395
536:410;52;152;167;455;195;386;528;529;13;153;385;4;106;314;200;388;566;398
537:163;167;195;200;52;227;386;309;568;385;7;558;274;410;14
538:52;195;385;59;167;305;427;309;13;356;504;200;457;4;64
539:101;558;410;52;200;388;385;207;14;504;354;309;430;4;419;299;386;195
540:341;195;200;52;388;356;385;410
541:52;122;4;385;167;200;195;395;554;510;409;152;83;80;290;279;388;504;309;201;135
542:385;167;51;200;488;341;195;52;101;386;324;309;313;281;419;410;13
543:52;40;200;385;410;167;195;341;309;104;37;158;127;386;558;504;78;230;152;427;101;441;134;279;198;165
544:167;200;385;104;427;309;52;195;97;238;60
545:195;41;513;167;504
546:80;153;341;4;528;195;385;309;214;560;200;526;110;152;7;52
547:4;195;439;152;167;385;261;164;566;54;200;309;52;101;351;83;162;504;421;304;558;362;388;13;427;110;386;350;299;72;410;444;345;346;135;280;560;207;237;400
548:200;504;342;152;167;288;421;511;195;309;4;127;13;386;385;52
549:385;167;52;386;504;142;200;195;280;101;7;309;341;161;132;13;272;427;129;4;400;388;253;410;356;363;501;73
550:200;504;52;195;13;14;309;427;385;163;152;410;167;12;496;279;82;388;324;180;424;341;445;282;101;201;386;326;179;187;67;89;4;337;290;360;284;267;459;254;237;184
551:309;12;385;4;167;195
552:299;491;52;309;385;167;200;279;297;60;14;195;285;4;410;223;41;156;504;427;428;207;421;481;551;341;394;386;107;162
553:385;167;504;309;4;35;424;80;52;9;230;200;341;410;195;7;419;566;13;528
554:322;76;298;385;195;167;12;200;566;26;272;309;386
555:64;52;195;167;309;448;410;385;200;168;395;275;77;386;504;74;143;61;525;421;4;427
556:52;526;309;200;385;544;388;410;207;195;13;427;497;268;167
557:195;385;200
558:200;201;410;385;141;167;195;52;13;152;341;41;529;471;558;274;427;395;388;172;299;424;287;24;504;309;511;65;397;561;33;101;517;57;29;60;279;386;525;227;419;1;11;346;207;479;513;38;444;187;10;7;398;519;82;162;319;455;566;132;156;214;127;355;257;59;259;134;118;305;371;161;550;256;342;212;78;171;106;478;122;510;12;83;421;283;231;80;120;488;163;382;189;218;131;239;459;87;104;391;70;128;237;496;4;526;400;428;26;531;354;51;490;273;0;40;230;143;294;507;506;165;396;109;345;138;14;528;37;366;77;314;184;135;119;361;67;111;324;155;177;160;322;326;107;103;521;55;148;368;494;42;542;186;229;413;331;286;303;563;402;85
559:167;385;410;254;560;419;52;7;566;195;427;200;309;346;19;261;152
560:35;80;341;385;4;17;40;427;195;167;410;53;97;217;52;279;309;560;0;326;431;10;101;163;526;200;346;553;299;127;488;395;109;74;152;542;219;386;9;528;43;314;13;151;504;388;382;212;513;558;272;352;89;525;206;24;66;231;146;137;174;500;298;321;161;507;333;485;396;529;570;48;241;471;160;135;389;360;184;444;201;345;214;54;7;113;482;261;67;514;274;187;84;14;51;564;424;213;33;77;265;207;136;156;79;267;421;253;350;59;306;255;204;12;189;475;347;288;364;355;458;56;505;185;155;491;104;60;523;116;280;517;122;141;164;331;356;133;172;390
561:56;185;427;410;504;385;341;373;309;200;52;230;53;195;167;386;12;400;528;7;485;274;412;266;316;14;208;388;351;65;558;256;8;101;496;165;346;57
562:112;195;200;4;385;52;167;341;13;9
563:195;52;200;40;101;410;299;385;167;13;309;468;188;504;257;279;161;558;401;419;382;14;314;7;237
564:200;4;385;152;167;24;101;309;195;59;410;547;299;305;52;64;13;444;424;118;386;14;427;29;346;361;494;558;568;171;466
565:385;195;427;167;309;52;386;200;445;134;101;410;510;54;23;393;7;230
566:52;195;279;167;385;200;386;309;76;13;60;80;176;53;12;511;468;122;4;528;239;257;152;507;341;357;410;504;388;141;307;101;26;57;51;283;424;41;54;566;230;160;471;529;143;427;104;29;368;324;161;395;133;558;212;421;10;483;61;59;191;474;542;360;428;159;525;480;444;0;405;314;7;515;223;419;166;216;77;304;192;275
567:427;167;385;195;410;200;152;386;10;299;528;101;14;309;322;52;279;298;560;80;230;171;217;509;529
568:309;195;167;385;386;200;52;363;410;537
569:52;195;167;200;385;309;298;7;127;386;187;317;279
570:385;200;486;7;195;52;390;206;4;229;253;525;309;167;46;80;529;427;395;56;504;511;341;14;214;279;101;565;528;48;410;165;126;84;388;129;53;113;70;326;40;244;294
571:167;84;200;309;385;386;296;52;410;346;195;8;193;262;4;7;33;101;65;504
572:341;385;386;167;331;195;305;200;101;504
573:167;195;41;388;200;529;52;156;314;257;250;71;485;385;7;309;171;410;386;164;101;427;504;511;262;570;306;59;513;141;152;104;153;341;13;259;112
574:482;82;283;421;346;427;80;52;152;385;328;309;7;200;195;468;258;231;529;53;481;4;410;501;419;165
